"","X","H0","init_sample_size","decision_crit","sampsize_approach","all_positives","all_negatives","prev_pop","rep_attempts","true_pos","false_neg","true_neg","false_pos","Sensitivity","Specificity","FNR","FPR","FDR","Prevalence","Sample_prev","PPV_pop_prev","PPV_sample_prev","mean_N","median_effect","median_effect_success","median_ES_true","SESOI"
"1",1,2,7,"equivalence","standard",2828,7172,0.283,6381,1027,1774,2700,880,0.363154172560113,0.376464026770775,0.627298444130127,0.122699386503067,0.461457787100157,0.283,0.2801,0.186911010146553,0.184741961145539,46.495220184924,0.6263,1.1065,0.8782,1
"2",2,2,10,"equivalence","standard",2828,7172,0.283,6165,927,1892,2451,895,0.327793493635078,0.341745677635248,0.669024045261669,0.124790853318461,0.491218441273326,0.283,0.2819,0.164264191350722,0.163520454074783,44.7057583130576,0.6678,1.0749,0.9071,1
"3",3,2,15,"equivalence","standard",2828,7172,0.283,5694,985,1824,2154,731,0.348302687411598,0.300334634690463,0.644978783592645,0.101924149470162,0.425990675990676,0.283,0.2809,0.164219891197117,0.162801167101859,31.4308043554619,0.73455,1.19175,0.9774,1
"4",1,2,7,"equivalence","SESOI",2828,7172,0.283,6381,1050,1751,3496,84,0.371287128712871,0.487451199107641,0.619165487977369,0.0117122141662019,0.0740740740740741,0.283,0.2801,0.222345618299854,0.219876560304496,7,0.6163,2.12425,0.8782,1
"5",2,2,10,"equivalence","SESOI",2828,7172,0.283,6165,1110,1709,3268,78,0.392503536067893,0.455660903513664,0.604314002828854,0.0108756274400446,0.0656565656565657,0.283,0.2819,0.221550116761949,0.22061547521072,7,0.6422,2.0825,0.9071,1
"6",3,2,15,"equivalence","SESOI",2828,7172,0.283,5694,1106,1703,2801,84,0.391089108910891,0.390546569994423,0.602192362093352,0.0117122141662019,0.0705882352941176,0.283,0.2809,0.202094292237295,0.200426830677981,7,0.721,2.0742,0.9774,1
"7",1,2,7,"significance","standard",2828,7172,0.283,2606,390,1591,598,27,0.137906647807638,0.0833798103736754,0.562588401697313,0.00376464026770775,0.0647482014388489,0.283,0.1981,0.0560544391150561,0.0358353181056532,5.4735226400614,1.0202,2.2283,1.422,1
"8",2,2,10,"significance","standard",2828,7172,0.283,3202,569,1806,762,65,0.201202263083451,0.106246514221974,0.638613861386139,0.00906302286670385,0.102523659305994,0.283,0.2375,0.0816041602877397,0.0655249346028355,7.03997501561524,0.99215,1.951,1.2978,1
"9",3,2,15,"significance","standard",2828,7172,0.283,3751,753,1851,989,158,0.266265912305516,0.137897378694925,0.654526166902405,0.0220301171221417,0.173435784851811,0.283,0.2604,0.108659460555849,0.0980776053095365,9.3604372167422,0.9373,1.6161,1.2295,1
"10",1,2,7,"significance","SESOI",2828,7172,0.283,2606,947,1034,599,26,0.334865629420085,0.0835192414947016,0.365629420084866,0.00362520914668154,0.02672147995889,0.283,0.1981,0.126039407461612,0.0827904166640923,7,1.154,2.2096,1.422,1
"11",2,2,10,"significance","SESOI",2828,7172,0.283,3202,1044,1331,796,31,0.369165487977369,0.110987172336866,0.470650636492221,0.0043223647518126,0.0288372093023256,0.283,0.2375,0.140820045933755,0.114527997186869,7,1.0571,2.1366,1.2978,1
"12",3,2,15,"significance","SESOI",2828,7172,0.283,3751,1077,1527,1090,57,0.380834512022631,0.151979921918572,0.53995756718529,0.00794757389849414,0.0502645502645503,0.283,0.2604,0.150566050229761,0.136528209433458,7,0.9768,2.0909,1.2295,1
"13",1,2,7,"significance_0.1","standard",2828,7172,0.283,3194,547,1686,906,55,0.193422913719943,0.126324595649749,0.596181046676096,0.00766871165644172,0.0913621262458472,0.283,0.2233,0.0803605132402759,0.059840442306555,6.69286161552912,0.9438,2.0098,1.2785,1
"14",2,2,10,"significance_0.1","standard",2828,7172,0.283,3713,703,1843,1039,128,0.248585572842999,0.144868934746235,0.651697312588402,0.0178471834913553,0.154031287605295,0.283,0.2546,0.102928910661101,0.090323209511712,8.54295717748451,0.9322,1.645,1.2161,1
"15",3,2,15,"significance_0.1","standard",2828,7172,0.283,4231,842,1856,1274,259,0.297736916548798,0.177635248187395,0.656294200848656,0.0361126603457892,0.235240690281562,0.283,0.2698,0.125033629981953,0.117989190956964,11.4455211533916,0.9014,1.4438,1.1536,1
"16",1,2,7,"significance_0.1","SESOI",2828,7172,0.283,3194,964,1269,927,34,0.340876944837341,0.1292526491913,0.448727015558699,0.00474065811489124,0.0340681362725451,0.283,0.2233,0.133835980765793,0.10116302648676,7,1.0228,2.20205,1.2785,1
"17",2,2,10,"significance_0.1","SESOI",2828,7172,0.283,3713,1011,1535,1121,46,0.357496463932107,0.156302286670385,0.542786421499293,0.0064138315672058,0.043519394512772,0.283,0.2546,0.143281552006098,0.12643037193688,7,0.9735,2.1903,1.2161,1
"18",3,2,15,"significance_0.1","SESOI",2828,7172,0.283,4231,1089,1609,1467,66,0.385077793493635,0.204545454545455,0.568953323903819,0.00920245398773006,0.0571428571428571,0.283,0.2698,0.160421227829236,0.151728777110827,7,0.9071,2.1343,1.1536,1
"19",1,2,7,"equivalence","standard",4608,5392,0.458,6516,1679,2722,1779,336,0.364366319444444,0.329933234421365,0.590711805555556,0.0623145400593472,0.166749379652605,0.458,0.4401,0.314834256202444,0.299438343871053,49.2653468385513,0.637,1.0454,0.8734,0.5
"20",2,2,10,"equivalence","standard",4608,5392,0.458,6546,1630,2851,1706,359,0.353732638888889,0.316394658753709,0.618706597222222,0.066580118694362,0.180492709904475,0.458,0.4481,0.304229775650983,0.295839373494007,52.7247173846624,0.63095,1.0182,0.8734,0.5
"21",3,2,15,"equivalence","standard",4608,5392,0.458,6656,1695,2872,1753,336,0.367838541666667,0.325111275964392,0.623263888888889,0.0623145400593472,0.165435745937962,0.458,0.4567,0.31533360893395,0.3142038039079,52.9400540865385,0.63605,1.0288,0.8731,0.5
"22",1,2,7,"equivalence","SESOI",4608,5392,0.458,6516,3089,1312,2049,66,0.670355902777778,0.380007418397626,0.284722222222222,0.0122403560830861,0.020919175911252,0.458,0.4401,0.47744143497194,0.459425674145075,23,0.7323,1.3494,0.8734,0.5
"23",2,2,10,"equivalence","SESOI",4608,5392,0.458,6546,3101,1380,2011,54,0.672960069444444,0.372959940652819,0.299479166666667,0.0100148367952522,0.0171156893819334,0.458,0.4481,0.475589110096299,0.465635542079201,23,0.73835,1.3426,0.8734,0.5
"24",3,2,15,"equivalence","SESOI",4608,5392,0.458,6656,3150,1417,2042,47,0.68359375,0.378709198813056,0.307508680555556,0.00871661721068249,0.014701282452299,0.458,0.4567,0.481799979486905,0.480492313208891,23,0.73265,1.3575,0.8731,0.5
"25",1,2,7,"significance","standard",4608,5392,0.458,2606,416,2033,156,1,0.0902777777777778,0.0289317507418398,0.441189236111111,0.000185459940652819,0.00239808153477218,0.458,0.2449,0.0728372082960374,0.0292694209904942,5.4735226400614,1.0202,2.2283,1.422,0.5
"26",2,2,10,"significance","standard",4608,5392,0.458,3202,630,2380,188,4,0.13671875,0.03486646884273,0.516493055555556,0.000741839762611276,0.00630914826498423,0.458,0.301,0.106906430360111,0.057492951099701,7.03997501561524,0.99215,1.951,1.2978,0.5
"27",3,2,15,"significance","standard",4608,5392,0.458,3751,907,2598,242,4,0.196831597222222,0.0448813056379822,0.563802083333333,0.000741839762611276,0.00439077936333699,0.458,0.3505,0.148314297567954,0.100080610758351,9.3604372167422,0.9373,1.6161,1.2295,0.5
"28",1,2,7,"significance","SESOI",4608,5392,0.458,2606,2015,434,151,6,0.437282986111111,0.0280044510385757,0.0941840277777778,0.00111275964391691,0.00296882731321128,0.458,0.2449,0.275445441087716,0.127330492789754,23,1.3516,1.6283,1.422,0.5
"29",2,2,10,"significance","SESOI",4608,5392,0.458,3202,2420,590,184,8,0.525173611111111,0.0341246290801187,0.128038194444444,0.00148367952522255,0.00329489291598023,0.458,0.301,0.314815211011888,0.189717567128425,23,1.2388,1.4933,1.2978,0.5
"30",3,2,15,"significance","SESOI",4608,5392,0.458,3751,2710,795,240,6,0.588107638888889,0.0445103857566766,0.172526041666667,0.00111275964391691,0.00220913107511046,0.458,0.3505,0.342153822689898,0.249336136711125,23,1.1659,1.44955,1.2295,0.5
"31",1,2,7,"significance_0.1","standard",4608,5392,0.458,3194,599,2304,288,3,0.129991319444444,0.0534124629080119,0.5,0.000556379821958457,0.00498338870431894,0.458,0.2903,0.103977350996371,0.0531852048226653,6.69286161552912,0.9438,2.0098,1.2785,0.5
"32",2,2,10,"significance_0.1","standard",4608,5392,0.458,3713,824,2573,309,7,0.178819444444444,0.0573071216617211,0.558376736111111,0.00129821958456973,0.00842358604091456,0.458,0.3397,0.138147670587625,0.0889117597222521,8.54295717748451,0.9322,1.645,1.2161,0.5
"33",3,2,15,"significance_0.1","standard",4608,5392,0.458,4231,1087,2739,391,14,0.235894097222222,0.0725148367952522,0.594401041666667,0.00259643916913947,0.0127157129881926,0.458,0.3826,0.176900356358252,0.136152473936596,11.4455211533916,0.9014,1.4438,1.1536,0.5
"34",1,2,7,"significance_0.1","SESOI",4608,5392,0.458,3194,2349,554,285,6,0.509765625,0.0528560830860534,0.120225694444444,0.00111275964391691,0.00254777070063694,0.458,0.2903,0.312620443592033,0.180431398204026,23,1.22285,1.5081,1.2785,0.5
"35",2,2,10,"significance_0.1","SESOI",4608,5392,0.458,3713,2631,766,311,5,0.570963541666667,0.0576780415430267,0.166232638888889,0.000927299703264095,0.00189681335356601,0.458,0.3397,0.338627070082954,0.237641615871972,23,1.1429,1.4636,1.2161,0.5
"36",3,2,15,"significance_0.1","SESOI",4608,5392,0.458,4231,2862,964,393,12,0.62109375,0.0728857566765579,0.209201388888889,0.00222551928783383,0.00417536534446764,0.458,0.3826,0.361469545416477,0.293359793224838,23,1.0661,1.4016,1.1536,0.5
