"","X","H0","init_sample_size","decision_crit","sampsize_approach","all_positives","all_negatives","prev_pop","rep_attempts","true_pos","false_neg","true_neg","false_pos","Sensitivity","Specificity","FNR","FPR","FDR","Prevalence","Sample_prev","PPV_pop_prev","PPV_sample_prev","mean_N","median_effect","median_effect_success","median_ES_true","SESOI"
"1",1,2,7,"equivalence","standard",2828,7172,0.283,6381,2180,621,1978,1602,0.770862800565771,0.275794757389849,0.21958981612447,0.223368655883993,0.423585404547858,0.283,0.2801,0.295838638375956,0.292860813260734,46.495220184924,0.3982,0.62145,0.878221244,1
"2",2,2,10,"equivalence","standard",2828,7172,0.283,6165,2234,585,1676,1670,0.78995756718529,0.233686558839933,0.206859971711457,0.232849972113776,0.427766393442623,0.283,0.2819,0.289206499232153,0.288092068183937,44.7057583130576,0.4234,0.6149,0.90714581,1
"3",3,2,15,"equivalence","standard",2828,7172,0.283,5694,2227,582,1315,1570,0.787482319660537,0.18335192414947,0.205799151343706,0.218906860011155,0.413484329734001,0.283,0.2809,0.275679248568385,0.273612841853435,31.4308043554619,0.46105,0.6221,0.977425896,1
"4",1,2,7,"equivalence","SESOI",2828,7172,0.283,6381,2262,539,2800,780,0.7998585572843,0.390407138873397,0.190594059405941,0.108756274400446,0.256410256410256,0.283,0.2801,0.341192324800145,0.33797709768515,7,0.4534,0.82455,0.878221244,1
"5",2,2,10,"equivalence","SESOI",2828,7172,0.283,6165,2276,543,2608,738,0.804809052333805,0.363636363636364,0.192008486562942,0.102900167317345,0.244857332448573,0.283,0.2819,0.332967462634382,0.331763110278513,7,0.4701,0.8424,0.90714581,1
"6",3,2,15,"equivalence","SESOI",2828,7172,0.283,5694,2264,545,2122,763,0.800565770862801,0.295872838817624,0.192715700141443,0.106385945343001,0.25206475057813,0.283,0.2809,0.30975408627767,0.307540711994616,7,0.5201,0.8373,0.977425896,1
"7",1,2,7,"significance","standard",2828,7172,0.283,2604,1369,588,432,193,0.484087694483734,0.060234244283324,0.207920792079208,0.0269102063580591,NA,0.283,0.1957,0.168963147242284,0.111376821868102,5.49728892331526,0.75535,1.04615,1.422012716,1
"8",2,2,10,"significance","standard",2828,7172,0.283,3201,1760,599,500,326,0.622347949080622,0.0697155605131065,0.211810466760962,0.0454545454545455,NA,0.283,0.2359,0.208891525918512,0.171180799551189,7.06122448979592,0.6924,0.90405,1.297772692,1
"9",3,2,15,"significance","standard",2828,7172,0.283,3749,2060,531,557,589,0.728429985855728,0.0776631344116007,0.187765205091938,0.0821249302844395,NA,0.283,0.2591,0.237642538445874,0.216416882322751,9.37463205780037,0.6397,0.7958,1.229548754,1
"10",1,2,7,"significance","SESOI",2828,7172,0.283,2604,1659,320,405,220,0.586633663366337,0.0564696040156163,0.113154172560113,0.0306748466257669,NA,0.283,0.1979,0.197046512917161,0.132998890073417,7,0.76695,0.9487,1.422012716,1
"11",2,2,10,"significance","SESOI",2828,7172,0.283,3201,1984,391,553,273,0.701555869872702,0.0771054099274958,0.138260254596888,0.0380646960401562,NA,0.283,0.2375,0.230792197865763,0.191444810105079,7,0.7309,0.9176,1.297772692,1
"12",3,2,15,"significance","SESOI",2828,7172,0.283,3749,2142,461,772,374,0.757425742574257,0.107640825432236,0.163012729844413,0.0521472392638037,NA,0.283,0.2603,0.25094621558808,0.229992581134634,7,0.6836,0.90055,1.229548754,1
"13",1,2,7,"equivalence","standard",3879,6121,0.387,6510,2834,963,1737,976,0.730600670275844,0.283777160594674,0.248259860788863,0.159451070086587,0.256167979002625,0.387,0.3797,0.391725586512274,0.384392343688283,49.126420890937,0.403,0.61005,0.873380076,0.7
"14",2,2,10,"equivalence","standard",3879,6121,0.387,6532,2958,877,1616,1081,0.762567672080433,0.26400914883189,0.226089198246971,0.176605129880738,0.267640505075514,0.387,0.3835,0.395448409326714,0.391920853126461,52.4090630740968,0.39945,0.5868,0.873380076,0.7
"15",3,2,15,"equivalence","standard",3879,6121,0.387,6578,3044,816,1504,1214,0.784738334622325,0.245711485051462,0.210363495746326,0.198333605619997,0.28511038046031,0.387,0.386,0.396429447309105,0.395420798980634,51.2111584068106,0.3988,0.5679,0.873380076,0.7
"16",1,2,7,"equivalence","SESOI",3879,6121,0.387,6510,3272,525,2212,501,0.843516370198505,0.361378859663454,0.135344160866203,0.0818493710178076,0.132785581765174,0.387,0.3797,0.454706427693972,0.447060702867676,12,0.432,0.6915,0.873380076,0.7
"17",2,2,10,"equivalence","SESOI",3879,6121,0.387,6532,3284,551,2153,544,0.846609951018304,0.351739911779121,0.1420469193091,0.0888743669335076,0.142110762800418,0.387,0.3835,0.451901161230114,0.448243403050879,12,0.44445,0.6899,0.873380076,0.7
"18",3,2,15,"equivalence","SESOI",3879,6121,0.387,6578,3319,541,2189,529,0.855632895076051,0.357621303708544,0.139468935292601,0.0864237869629146,0.137474012474012,0.387,0.386,0.456788858532985,0.455742596388941,12,0.4374,0.6847,0.873380076,0.7
"19",1,2,7,"significance","standard",3879,6121,0.387,2604,1514,772,248,48,0.390306780097963,0.0405162555138049,0.19902036607373,0.00784185590589773,NA,0.387,0.2286,0.204337417303519,0.107580623507387,5.49728892331526,0.75535,1.04615,1.422012716,0.7
"20",2,2,10,"significance","standard",3879,6121,0.387,3201,2004,822,277,82,0.516627996906419,0.0452540434569515,0.211910286156226,0.013396503839242,NA,0.387,0.2826,0.254631284553798,0.175704813319236,7.06122448979592,0.6924,0.90405,1.297772692,0.7
"21",3,2,15,"significance","standard",3879,6121,0.387,3749,2470,771,317,179,0.636762052075277,0.0517889233785329,0.19876256767208,0.0292435876490769,NA,0.387,0.3241,0.297732002230636,0.243575804658045,9.37463205780037,0.6397,0.7958,1.229548754,0.7
"22",1,2,7,"significance","SESOI",3879,6121,0.387,2604,2098,210,222,74,0.540861046661511,0.036268583564777,0.0541376643464811,0.0120895278549257,0.0340699815837937,0.387,0.2308,0.261615179043709,0.144124215246816,12,0.7446,0.8365,1.422012716,0.7
"23",2,2,10,"significance","SESOI",3879,6121,0.387,3201,2560,282,249,110,0.659963908223769,0.0406796275118445,0.0726991492652746,0.017970919784349,0.0411985018726592,0.387,0.2842,0.302804139876172,0.214541821655722,12,0.6999,0.78005,1.297772692,0.7
"24",3,2,15,"significance","SESOI",3879,6121,0.387,3749,2861,392,350,146,0.737561227120392,0.0571801993138376,0.101056973446765,0.0238523117137723,0.0485533754572664,0.387,0.3253,0.330601392495799,0.273875794673841,12,0.6527,0.7701,1.229548754,0.7
"25",1,2,7,"equivalence","standard",4608,5392,0.458,6516,3270,1131,1527,588,0.709635416666667,0.283197329376855,0.245442708333333,0.109050445103858,0.152410575427683,0.458,0.4401,0.455506488559808,0.437625255568564,49.2653468385513,0.4003,0.60785,0.873380076,0.5
"26",2,2,10,"equivalence","standard",4608,5392,0.458,6546,3425,1056,1414,651,0.743272569444444,0.262240356083086,0.229166666666667,0.120734421364985,0.159715407262022,0.458,0.4481,0.459848622338161,0.449941835289872,52.7247173846624,0.39745,0.58295,0.873380076,0.5
"27",3,2,15,"equivalence","standard",4608,5392,0.458,6656,3578,989,1393,696,0.776475694444444,0.258345697329377,0.214626736111111,0.129080118694362,0.162845109967244,0.458,0.4567,0.469409575611473,0.468105160291417,52.9400540865385,0.3985,0.564,0.873067005,0.5
"28",1,2,7,"equivalence","SESOI",4608,5392,0.458,6516,4063,338,1771,344,0.881727430555556,0.328449554896142,0.0733506944444444,0.0637982195845697,0.0780576355797595,0.458,0.4401,0.525950914851934,0.507883750040668,23,0.42495,0.6025,0.873380076,0.5
"29",2,2,10,"equivalence","SESOI",4608,5392,0.458,6546,4137,344,1717,348,0.897786458333333,0.31843471810089,0.0746527777777778,0.064540059347181,0.0775919732441472,0.458,0.4481,0.526760251838774,0.516791122660618,23,0.4271,0.5969,0.873380076,0.5
"30",3,2,15,"equivalence","SESOI",4608,5392,0.458,6656,4164,403,1708,381,0.903645833333333,0.316765578635015,0.0874565972222222,0.070660237388724,0.0838283828382838,0.458,0.4567,0.52777205303288,0.526466377157569,23,0.4252,0.5951,0.873067005,0.5
"31",1,2,7,"significance","standard",4608,5392,0.458,2604,1544,881,139,18,0.335069444444444,0.0257789317507418,0.191189236111111,0.00333827893175074,NA,0.458,0.2425,0.225185828262085,0.0991841823652396,5.49728892331526,0.75535,1.04615,1.422012716,0.5
"32",2,2,10,"significance","standard",4608,5392,0.458,3201,2053,940,159,33,0.445529513888889,0.0294881305637982,0.203993055555556,0.00612017804154303,NA,0.458,0.2993,0.279497214197984,0.163940865417049,7.06122448979592,0.6924,0.90405,1.297772692,0.5
"33",3,2,15,"significance","standard",4608,5392,0.458,3749,2593,899,189,56,0.562717013888889,0.0350519287833828,0.195095486111111,0.0103857566765579,NA,0.458,0.3492,0.33010852826387,0.238330389595441,9.37463205780037,0.6397,0.7958,1.229548754,0.5
"34",1,2,7,"significance","SESOI",4608,5392,0.458,2604,2381,66,114,43,0.516710069444444,0.0211424332344214,0.0143229166666667,0.00797477744807122,0.0177392739273927,0.458,0.2447,0.308465926216592,0.146042185754815,23,0.73835,0.77645,1.422012716,0.5
"35",2,2,10,"significance","SESOI",4608,5392,0.458,3201,2868,141,147,45,0.622395833333333,0.0272626112759644,0.0305989583333333,0.00834569732937685,0.0154479917610711,0.458,0.3009,0.350934352746357,0.215928364900721,23,0.6891,0.7345,1.297772692,0.5
"36",3,2,15,"significance","SESOI",4608,5392,0.458,3749,3300,204,179,66,0.716145833333333,0.0331973293768546,0.0442708333333333,0.0122403560830861,0.0196078431372549,0.458,0.3504,0.384969581751188,0.285489586721142,23,0.6403,0.6888,1.229548754,0.5
"37",1,2,7,"equivalence","standard",5267,4733,0.527,6516,3591,1322,1336,267,0.681792291627112,0.282273399535179,0.25099677235618,0.0564124234100993,0.0692068429237947,0.527,0.4913,0.514181569426563,0.478471524663965,49.2653468385513,0.4003,0.60785,0.873380076,0.3
"38",2,2,10,"equivalence","standard",5267,4733,0.527,6546,3781,1248,1222,295,0.717865957850769,0.258187196281428,0.236947028669072,0.0623283329811959,0.0723748773307164,0.527,0.5029,0.518813887786913,0.49469671594098,52.7247173846624,0.39745,0.58295,0.873380076,0.3
"39",3,2,15,"equivalence","standard",5267,4733,0.527,6656,3955,1184,1198,319,0.750901841655591,0.25311641664906,0.224795898993735,0.0673991126135643,0.0746373420683201,0.527,0.5139,0.528337294597837,0.515240263208518,52.9400540865385,0.3985,0.564,0.873067005,0.3
"40",1,2,7,"equivalence","SESOI",5267,4733,0.527,6516,4741,172,1363,240,0.900132902980824,0.287978026621593,0.0326561610024682,0.0507077963236848,0.0481830957639028,0.527,0.4913,0.584807098124565,0.549742448484292,61,0.4316,0.5425,0.873380076,0.3
"41",2,2,10,"equivalence","SESOI",5267,4733,0.527,6546,4856,173,1287,230,0.921966964116195,0.27192055778576,0.0328460224036453,0.0485949714768646,0.0452221785292961,0.527,0.5029,0.58521145570893,0.56161015325852,61,0.4388,0.5365,0.873380076,0.3
"42",3,2,15,"equivalence","SESOI",5267,4733,0.527,6656,4937,202,1284,233,0.937345737611544,0.271286710331713,0.0383520030377824,0.0492288189309106,0.0450676982591876,0.527,0.5139,0.589010657882969,0.576247125947362,61,0.4342,0.53265,0.873067005,0.3
"43",1,2,7,"significance","standard",5267,4733,0.527,2604,1557,932,88,5,0.295614201632808,0.0185928586520177,0.176950825897095,0.0010564124234101,NA,0.527,0.2489,0.251274396844044,0.0907575794350719,5.49728892331526,0.75535,1.04615,1.422012716,0.3
"44",2,2,10,"significance","standard",5267,4733,0.527,3201,2074,1014,85,12,0.39377254604139,0.0179590111979717,0.192519460793621,0.00253538981618424,NA,0.527,0.3088,0.308795936083231,0.151923337741773,7.06122448979592,0.6924,0.90405,1.297772692,0.3
"45",3,2,15,"significance","standard",5267,4733,0.527,3749,2639,986,102,10,0.501044237706474,0.021550813437566,0.187203341560661,0.0021128248468202,NA,0.527,0.3625,0.363276949567222,0.225516284518757,9.37463205780037,0.6397,0.7958,1.229548754,0.3
"46",1,2,7,"significance","SESOI",5267,4733,0.527,2604,2483,28,73,20,0.47142585912284,0.0154236213817874,0.00531611923295994,0.0042256496936404,0.00799041150619257,0.527,0.2511,0.347886018654762,0.138333147198797,61,0.71585,0.7351,1.422012716,0.3
"47",2,2,10,"significance","SESOI",5267,4733,0.527,3201,3068,36,80,17,0.582494778811468,0.0169025987745616,0.00683501044237706,0.00359180223959434,0.00551053484602917,0.527,0.3104,0.397646079332075,0.210545917013813,61,0.6694,0.6826,1.297772692,0.3
"48",3,2,15,"significance","SESOI",5267,4733,0.527,3749,3596,41,78,34,0.682741598632998,0.0164800338051975,0.00778431744826277,0.00718360447918868,0.009366391184573,0.527,0.3637,0.436121894666162,0.284069883713078,61,0.6306,0.6409,1.229548754,0.3
