"","decision_crit","sampsize_approach","design","true_pos","all_pos","false_pos","all_neg","false_neg","PPV","FPR","TPR","FNR","mean_N"
"1","equivalence",1,"fixN",1269,3054,1785,3352,108,0.415520628683693,0.584479371316306,0.92156862745098,0.0784313725490196,182.788323446769
"2","equivalence",1,"group_sequential",991,2642,1651,3677,370,0.375094625283876,0.624905374716124,0.728141072740632,0.271858927259368,161.90425700269
"3","equivalence",2,"fixN",934,2156,1222,4249,465,0.433209647495362,0.566790352504638,0.667619728377412,0.332380271622588,107.306947697112
"4","equivalence",2,"group_sequential",600,2345,1745,4048,737,0.255863539445629,0.744136460554371,0.448765893792072,0.551234106207928,99.9393086188018
"5","equivalence",3,"fixN",1206,2736,1530,3583,100,0.440789473684211,0.559210526315789,0.923430321592649,0.0765696784073507,139
"6","equivalence",3,"group_sequential",994,2632,1638,3759,459,0.377659574468085,0.622340425531915,0.684101858224363,0.315898141775637,124.74104209044
"7","significance",1,"fixN",199,297,98,322,70,0.67003367003367,0.32996632996633,0.739776951672863,0.260223048327138,81.5056542810985
"8","significance",1,"group_sequential",95,212,117,393,129,0.44811320754717,0.55188679245283,0.424107142857143,0.575892857142857,71.6314049586777
"9","significance",2,"fixN",73,111,38,502,175,0.657657657657658,0.342342342342342,0.294354838709677,0.705645161290323,13.7862969004894
"10","significance",2,"group_sequential",55,198,143,410,189,0.277777777777778,0.722222222222222,0.225409836065574,0.774590163934426,13.9292763157895
"11","significance",3,"fixN",227,370,143,235,11,0.613513513513513,0.386486486486486,0.953781512605042,0.046218487394958,139
"12","significance",3,"group_sequential",176,297,121,321,51,0.592592592592593,0.407407407407407,0.775330396475771,0.224669603524229,116.697411003236
