"","rep_no","totalN","p_value","mean_control","mean_treatment","ES_true","d_emp"
"1",1,90,0.0877011237687058,-0.0304595758843901,0.168174805641835,0.101948241631182,0.198634381526225
"2",2,38,0.0790795094764078,0.106377321469828,0.453322861720296,0.356874634977458,0.346945540250467
"3",3,86,0.072821467378031,-0.190623003326318,0.00942256254600492,0.0449562850794133,0.200045565872323
"4",4,64,0.00239356329512494,-0.0667030645901311,0.440231750204047,0.523148837719624,0.506934814794179
"5",5,72,0.14641675858832,-0.205089356885987,-0.0196457893272217,0.108782619209363,0.185443567558765
"6",6,200,0.00858231752270853,-0.0722811797061572,0.153477635758605,0.114833490449063,0.225758815464762
"7",7,50,0.00328035935996965,-0.131563493780254,0.401884990859249,0.275070166877083,0.533448484639502
"8",8,76,0.196466764906252,-0.0279038429349246,0.0975923365701531,0.351611031438484,0.125496179505078
"9",9,30,0.00318928929836061,-0.254242677815088,0.400824668879648,0.365920818327885,0.655067346694736
"10",10,200,0.0630140651284109,-0.124558830490169,0.0311477710496997,0.017401864577946,0.155706601539868
"11",11,32,0.0218960168001274,-0.170618132266744,0.350233501761099,0.431382165216337,0.520851634027843
"12",12,86,0.0271737697603387,0.1172544788241,0.399216863793818,0.405429567063824,0.281962384969718
"13",13,102,0.000573548476704728,-0.199084682363403,0.264563636077757,0.403654865958637,0.46364831844116
"14",14,100,0.000361405170399817,0.00188880324178149,0.473316060441297,0.328126085922888,0.471427257199515
"15",15,50,0.832760064580387,0.193080932163163,0.0200810680620239,0.0670347114038804,-0.172999864101139
"16",16,34,0.128351294927557,-0.00291977805979854,0.252929476595382,0.24102448622411,0.255849254655181
"17",17,74,0.37529288163686,-0.0426075821409434,0.00856864236595293,0.0204877013697836,0.0511762245068963
"18",18,68,0.00478494336421124,-0.119585422627582,0.343202572305272,0.263422886513852,0.462787994932853
"19",19,84,0.000803429931585081,0.0325008617584213,0.511455067213862,0.327053060336778,0.478954205455441
"20",20,44,0.345221866212717,-0.295454354614034,-0.216267623927174,0.17675560284426,0.0791867306868601
"21",21,176,0.311950124432701,0.105790569770935,0.1587267984616,0.170606081931959,0.0529362286906656
"22",22,200,8.31435207737518e-10,-0.0538847178572537,0.547456857315134,0.554260962577673,0.601341575172388
"23",23,200,0.0118088615102717,0.0521264261980752,0.274168056525837,0.30940637494725,0.222041630327762
"24",24,90,0.205448600119855,0.0847334900869691,0.195996462859113,0.26918719249458,0.111262972772144
"25",25,36,0.100300098079013,-0.190490535696921,0.118418727710633,0.0947740028007364,0.308909263407554
"26",26,64,0.948628053775453,0.070382061727244,-0.201989141383044,0.125933099702035,-0.272371203110288
"27",27,136,0.248192544122453,0.0642265133739608,0.145092943660544,0.1304449061366,0.0808664302865834
"28",28,200,0.00529069912213444,0.0587341856125258,0.303866256133418,0.260284377648237,0.245132070520893
"29",29,44,0.0758574368178836,-0.14644734268925,0.125973974734308,0.13414658128597,0.272421317423559
"30",30,28,0.00276268374639589,-0.0349741379504067,0.711691843282661,0.387664375800011,0.746665981233067
"31",31,42,0.0424965713972484,0.230039387007798,0.614680600586452,0.224474553391314,0.384641213578654
"32",32,146,0.0010930940148822,0.113499106565488,0.489617034781531,0.480726279237492,0.376117928216042
"33",33,116,3.545379178756e-06,0.0647062652459806,0.656619828985391,0.613363846776187,0.59191356373941
"34",34,64,0.0177553710801468,-0.1381989960548,0.218160800410415,0.204586478465889,0.356359796465215
"35",35,176,4.35568215996771e-08,-0.0513096648369712,0.536265161503805,0.57881074144257,0.587574826340777
"36",36,64,0.0283634263183425,-0.258645606178939,0.0807544041207652,0.145006847520765,0.339400010299704
"37",37,66,0.192079220716939,0.141195393269447,0.286089840523667,0.322544608550386,0.14489444725422
"38",38,26,0.237580081461686,0.0490948346895494,0.257453845924634,0.370281662710731,0.208359011235084
"39",39,200,3.62093460099755e-05,-0.0951088488607873,0.321054404906268,0.264571294566479,0.416163253767055
"40",40,148,2.75669281105494e-05,-0.0466127686475731,0.437756149313963,0.397498612170908,0.484368917961536
"41",41,92,0.00193766818320826,-0.241516787359843,0.180623296449568,0.186623115911752,0.422140083809411
"42",42,110,2.97621220801454e-07,-0.0187816613679357,0.638129316334287,0.421783356360688,0.656910977702222
"43",43,190,0.0034737862896954,0.0840871189414202,0.361189789736778,0.401179965785818,0.277102670795358
"44",44,178,0.577782895490881,0.147613638765022,0.126679040332768,0.0913951343646109,-0.0209345984322542
"45",45,34,0.0756482603443243,-0.161960699057306,0.177368052776844,0.166426301700598,0.339328751834151
"46",46,80,0.0218002724442272,-0.0839250666817893,0.225936395146511,0.269371326099369,0.309861461828301
"47",47,120,6.52588124209596e-06,0.0988520200547426,0.630386583618472,0.666368401465643,0.53153456356373
"48",48,50,0.232373170689813,0.0302814563552851,0.174085257236657,0.21279505251177,0.143803800881372
"49",49,200,0.322610950593069,-0.0235531049620858,0.0233468146460165,0.0144954021984173,0.0468999196081023
"50",50,90,1.83725917817632e-07,0.0636040513337468,0.863173702170111,0.616016198773622,0.799569650836364
"51",51,144,0.0194072008841354,0.0511748734413751,0.298960786647883,0.354095337293486,0.247785913206508
"52",52,132,0.0419412616758439,0.174905483328484,0.394616613538317,0.33788203383425,0.219711130209833
"53",53,64,0.0259162223400191,-0.0601294907733327,0.302847759944169,0.287575903016189,0.362977250717502
"54",54,44,0.419589526843477,-0.0874252514868941,-0.0445873976393664,0.0663926900114002,0.0428378538475277
"55",55,82,0.662253611481509,0.116098254946335,0.0540488104145202,0.107425545251014,-0.0620494445318148
"56",56,200,3.36089838458648e-06,-0.0178699778219113,0.471107304922936,0.463361617305178,0.488977282744847
"57",57,34,0.0163245993043652,-0.0549407562619619,0.516284337146485,0.365664920668214,0.571225093408447
"58",58,50,0.0758768737738384,0.025986762301337,0.299974907391465,0.508672933091616,0.273988145090128
"59",59,138,0.346804228894586,-0.0331141992377536,0.0163106412599494,0.0931472070472575,0.049424840497703
"60",60,126,0.0557078487033439,0.101890879180238,0.305605350356924,0.333178791234287,0.203714471176686
"61",61,68,0.694375892559551,-0.144944456547506,-0.231373682101086,0.0667086441010658,-0.0864292255535801
"62",62,62,0.0595975293030452,-0.0389409532118964,0.235774918987654,0.247648269384221,0.27471587219955
"63",63,56,0.569459090605393,0.0496648079140864,0.0201193364218396,0.176812186523033,-0.0295454714922469
"64",64,70,0.0992379825707495,-0.153188873281668,0.0701896527182864,0.0098206623743808,0.223378525999954
"65",65,70,0.0951682201484492,-0.03098181168803,0.197550516921381,0.193102377098561,0.22853232860941
"66",66,38,0.34493859977873,0.246052652594681,0.32954923374978,0.347321633171888,0.0834965811550995
"67",67,30,0.48894152192412,-0.108469494870776,-0.0993736830026124,0.112035103735818,0.00909581186816387
"68",68,200,1.91637014051345e-08,-0.00924388738174538,0.570858193440691,0.482243484642696,0.580102080822437
"69",69,60,0.0704904427903617,0.147051607133316,0.423749895644327,0.344551655494539,0.276698288511011
"70",70,124,0.417264293758275,0.0532133345229412,0.0796771514275737,0.0716733948960454,0.0264638169046324
"71",71,56,0.0280886730961094,0.0708213640164624,0.416107163718575,0.387680662332212,0.345285799702113
"72",72,48,0.0165776994296988,0.0962055899142958,0.559574122461705,0.501647997510512,0.463368532547409
"73",73,166,2.80189998477933e-08,0.031770948944189,0.650470331224061,0.612799151678326,0.618699382279872
"74",74,36,0.329521056130345,0.0895845765491078,0.199964907167695,0.22362450543027,0.110380330618587
"75",75,156,0.24535793949191,0.0659052323462158,0.147749599845828,0.137094254403435,0.0818443674996127
"76",76,34,0.412268159067713,0.263602416585105,0.318790328178852,0.553262509919685,0.0551879115937471
"77",77,94,0.00318528602240153,-0.0166972696988183,0.367870518616959,0.236869570326181,0.384567788315777
"78",78,70,0.0413087686009382,-0.154550879389334,0.134535100601924,0.0606169445278427,0.289085979991259
"79",79,60,0.00284141574025796,-0.123775322400124,0.39112097666569,0.344590835951196,0.514896299065814
"80",80,62,0.597557394907603,0.0524560008080443,0.00374965556414401,0.106040825079058,-0.0487063452439003
"81",81,60,0.000501133989103894,-0.232848901886832,0.37126184502215,0.341349369326347,0.604110746908982
"82",82,26,0.272371876372109,0.144539616414324,0.319974610201794,0.463448009219197,0.175434993787471
"83",83,24,0.118921103919294,0.167180733222712,0.550620953783368,0.598412088608131,0.383440220560656
"84",84,72,0.00139975467906881,-0.134871334128597,0.3807482665718,0.0754932488619416,0.515619600700398
"85",85,38,0.222501963919859,-0.190346074638968,-0.0281048062286092,0.0167134024074462,0.162241268410359
"86",86,28,0.0662686887519442,-0.117471901912733,0.256969994707008,0.192400397102049,0.374441896619741
"87",87,96,0.00211213123876078,-0.104315803730335,0.326464146764026,0.386420911982318,0.430779950494361
"88",88,104,0.598236068568328,0.00863442985573833,-0.0273690883518598,0.0051275744300661,-0.0360035182075981
"89",89,30,0.211046878153918,-0.0437067001713876,0.169280193873832,0.30709043698875,0.212986894045219
"90",90,82,0.0908563999177278,0.000768500045113434,0.231875210507985,0.293520091343827,0.231106710462872
"91",91,200,0.435033690577802,0.0386695860661421,0.0559581220541668,0.114005830211549,0.0172885359880247
"92",92,168,0.32371206464786,-0.0306559953539329,0.0184599733117612,0.0809875119037579,0.0491159686656941
"93",93,36,0.00132042629025231,-0.0656166509106637,0.754987498190985,0.651076871284292,0.820604149101649
"94",94,104,9.22923224871148e-09,-0.0954582466953069,0.706910066280876,0.544497480364151,0.802368312976183
"95",95,44,0.301617196715967,0.117831550571178,0.226835017803988,0.325532307658911,0.10900346723281
"96",96,58,0.224163712879346,0.0270093986549215,0.157872813231392,0.149764716581191,0.13086341457647
"97",97,42,0.00818551415463075,-0.0682690710221521,0.445851712731889,0.456095892896518,0.514120783754041
"98",98,46,0.0275340630071973,0.0142472044723706,0.370980561471971,0.309889492379033,0.356733356999601
"99",99,108,0.765619977621238,0.0534707873030004,-0.05710657012335,0.0714717545850345,-0.11057735742635
"100",100,68,0.274600148914652,-0.131855696890595,-0.0279636774849219,0.301487359137772,0.103892019405673
"101",101,24,0.138953825709381,-0.0257054034711406,0.305355918338336,0.252365267755172,0.331061321809477
"102",102,56,0.43831376784665,0.133033935115834,0.162300771394492,0.264369417535545,0.0292668362786577
"103",103,160,0.620620890599151,0.0519285899667414,0.0186892882149413,0.0343014264133952,-0.0332393017518001
"104",104,64,0.0247275119532996,0.177883276824755,0.527981857107399,0.410473838339729,0.350098580282644
"105",105,42,0.00525337377103441,-0.0995346990263306,0.405476482037577,0.173908949165937,0.505011181063907
"106",106,60,0.00635246173478949,-0.164769523280447,0.28295558544939,0.0475247736754388,0.447725108729837
"107",107,54,0.343726241147694,-0.0984731473831934,-0.0164391738120638,0.0172234158300645,0.0820339735711296
"108",108,84,0.13486108005045,0.0583603972049061,0.228732950542403,0.150246589352498,0.170372553337497
"109",109,84,0.122799924109754,-0.0309870292777831,0.14648519487261,0.108483021180023,0.177472224150394
"110",110,38,0.118054917101159,-0.150947289695931,0.145567126282128,0.263483206341001,0.296514415978059
"111",111,52,0.165996684470856,-0.00360259902129389,0.206616252999777,0.360942476414714,0.210218852021071
"112",112,34,0.0206545164499407,-0.0138935101042777,0.555469615518322,0.576608959573534,0.569363125622599
"113",113,128,0.183929108085405,0.101839077648274,0.21871042302493,0.260903629312832,0.116871345376656
"114",114,56,0.155071060679753,-0.0147308245764461,0.186875292750208,0.0161619461695128,0.201606117326654
"115",115,42,0.190338675768557,0.227624665208389,0.421948318212535,0.461323353741158,0.194323653004146
"116",116,136,0.38095624132944,0.0299292124984405,0.069594118233134,0.0458631057447385,0.0396649057346934
"117",117,86,0.00301153344073371,-0.0282007929856638,0.382419713051788,0.250192328920368,0.410620506037451
"118",118,36,0.176541774376773,-0.116729154578244,0.0961747743637642,0.0482309117905527,0.212903928942008
"119",119,96,0.0245608437454941,0.00607792444322189,0.271133453682941,0.469214637929578,0.265055529239719
"120",120,170,0.0163303584636761,-0.0349546253152585,0.187957714854344,0.0857325390475059,0.222912340169602
"121",121,38,0.0144491732207733,0.052640331226056,0.541935969905115,0.202706052183817,0.489295638679058
"122",122,56,0.00955720756450235,-0.124478129149367,0.350818429169434,0.242907744690825,0.475296558318801
"123",123,34,0.12465838124347,-0.205797803807128,0.0768600923176409,0.039554148824628,0.282657896124769
"124",124,52,0.455437832085071,0.164547149455153,0.184841548562382,0.26928395465467,0.0202943991072288
"125",125,200,0.536537667228257,-0.0660728356324974,-0.0751472746552467,0.0851604548657343,-0.00907443902274928
"126",126,46,0.0020967609943485,-0.00110701379959718,0.637552325890468,0.279059739414487,0.638659339690065
"127",127,60,0.261608137004599,-0.0960264290250713,0.0186505819710128,0.0492356947320343,0.114677010996084
"128",128,84,0.00895576268510425,-0.124675327273268,0.221820672151457,0.246045646906418,0.346495999424725
"129",129,30,0.0343189150895993,-0.122033165081065,0.357393630557047,0.208172945438462,0.479426795638113
"130",130,62,0.15670206426882,0.0691144265085772,0.236424317847554,0.212367869719954,0.167309891338977
"131",131,64,0.256034205006722,0.14855433563662,0.27009221633113,0.0672114011869881,0.12153788069451
"132",132,60,0.111913832559954,0.115654820332359,0.35496959586786,0.266772557717867,0.2393147755355
"133",133,72,0.0310835818149067,-0.0505436720478456,0.212634105309295,0.28274430529724,0.26317777735714
"134",134,176,0.000361109667839029,-0.174978393576697,0.193552462153132,0.194722622015752,0.368530855729829
"135",135,40,0.0860300442175236,-0.0369409526257756,0.269319397873067,0.396462186945899,0.306260350498842
"136",136,44,0.335395030745905,0.0700079278867472,0.154614243119182,0.338532684660003,0.0846063152324351
"137",137,164,0.00432098864026123,-0.0640751253823879,0.227421854820529,0.330279250761617,0.291496980202917
"138",138,46,0.00662534102933399,0.0358921761523565,0.506743686241105,0.610980432873637,0.470851510088748
"139",139,54,0.775198152447934,0.0488548849755945,-0.0995247078200228,0.094269415116769,-0.148379592795617
"140",140,82,4.08107177894371e-07,-0.128123005325106,0.584959688813883,0.57663339332308,0.713082694138988
"141",141,80,0.00881055020553802,-0.222607664218439,0.151963419570239,0.240213170318315,0.374571083788678
"142",142,200,0.00665530279380871,0.0843607037775116,0.325010315639719,0.237105084358758,0.240649611862208
"143",143,92,0.113397429993286,-0.0652851203042087,0.109461732433574,0.203476335472194,0.174746852737783
"144",144,28,0.93374045462789,0.310698268695972,-0.078083146379008,0.0548747419148294,-0.38878141507498
"145",145,44,0.0028750619281358,0.0332734330578342,0.593451613004267,0.710347166669386,0.560178179946433
"146",146,168,0.43545835432581,0.0341695682508409,0.0523779575086069,0.0787852527251923,0.0182083892577659
"147",147,84,0.000853679741353713,-0.0681080181395072,0.42058579277069,0.35409788659096,0.488693810910197
"148",148,84,0.427839240236739,0.0504443606496875,0.07871797007273,0.103433108281146,0.0282736094230424
"149",149,42,0.0570613059585718,-0.280169590971953,0.049953542815377,0.0676935596061225,0.33012313378733
"150",150,80,0.000105714674298792,-0.200587992344179,0.389378678690498,0.317243755627957,0.589966671034677
"151",151,200,0.078233724896439,-0.0457273388567181,0.0976145427416799,0.0741807781964844,0.143341881598398
"152",152,52,0.0496200687263244,0.0558590755479021,0.393754831476915,0.351793246535863,0.337895755929013
"153",153,52,0.206268564296593,-0.175105597805765,-0.0175216413774508,0.0218844666296345,0.157583956428315
"154",154,110,0.00105953171697876,-0.0169641020734614,0.389455634412167,0.276715183395356,0.406419736485629
"155",155,126,7.64135858305245e-06,0.00901189487968111,0.546461180801834,0.446669458440388,0.537449285922153
"156",156,200,0.0945244195169302,-0.104595967927805,0.0284857428258171,0.112069294864875,0.133081710753622
"157",157,92,0.551701775338023,-0.0193101103368905,-0.0380957755002746,0.124288559263948,-0.0187856651633841
"158",158,200,0.0526137677515998,0.0452171844630884,0.197624282085193,0.23805652699329,0.152407097622105
"159",159,96,0.214159398435661,-0.0217432854129768,0.0819296373730166,0.23340815122533,0.103672922785993
"160",160,44,0.25987179032903,-0.0298172428392556,0.11312022054069,0.104979310899091,0.142937463379946
"161",161,30,0.0667675545813682,-0.193331157667149,0.281430367411124,0.444047950961967,0.474761525078273
"162",162,44,0.0183592152170556,-0.173646673710028,0.262338126277474,0.322892389494318,0.435984799987502
"163",163,168,0.00625787123445733,-0.0922256076470097,0.187937760132343,0.316090669150321,0.280163367779353
"164",164,46,0.0168573580825504,-0.128404176757814,0.29282303038777,0.307945660483758,0.421227207145583
"165",165,128,3.363329428868e-07,-0.067502014764733,0.503123854355232,0.562112251169672,0.570625869119965
"166",166,94,0.84990288292311,0.0917034499171657,-0.0576055060003976,0.0554651518363476,-0.149308955917563
"167",167,84,0.00610133102462188,0.0536297918011166,0.437192316043728,0.366336856723042,0.383562524242612
"168",168,96,0.32355624161022,0.0882765581321586,0.155634881145122,0.117443854921419,0.067358323012963
"169",169,186,0.0162783996111332,-0.0556506900457796,0.179772675576913,0.169181511370606,0.235423365622692
"170",170,18,0.014819842156844,0.0612401095888345,0.804512857645347,0.731020261546227,0.743272748056513
"171",171,38,0.113818583475156,-0.0871572452142534,0.198661808586675,0.378633423766481,0.285819053800928
"172",172,62,0.00136181051875207,-0.124109700907852,0.418124629104962,0.405853929102155,0.542234330012813
"173",173,44,0.0504886178292702,0.0768152707166587,0.422330161108385,0.473303770285478,0.345514890391726
"174",174,26,0.300707056948516,-0.0284947145249397,0.108456345622459,0.308721247562626,0.136951060147398
"175",175,82,0.892682751303083,0.112271232459295,-0.0917400755549136,0.0178490202837766,-0.204011308014209
"176",176,102,8.47158114217672e-09,-0.0547106967138994,0.750975619505474,0.634448400981127,0.805686316219373
"177",177,30,0.357579883585436,0.0534234249901863,0.138296659502279,0.350061682485163,0.0848732345120931
"178",178,138,2.82438805974831e-08,0.0258216749698594,0.697867387720843,0.733292917774267,0.672045712750984
"179",179,18,0.0187620398676498,-0.349709698714006,0.469064098293879,0.422264951396933,0.818773797007885
"180",180,46,0.341547947377989,0.0623572100026945,0.142263432996163,0.114369582356717,0.0799062229934687
"181",181,200,0.03074849818875,-0.0558181666241049,0.130257415985887,0.225713412938512,0.186075582609991
"182",182,24,0.00157834465280499,-0.236229955012236,0.6665662533234,0.355052094792055,0.902796208335636
"183",183,72,0.00207289060065038,-0.212918355826001,0.257777591833578,0.19681791980265,0.470695947659579
"184",184,102,0.543488495061473,-0.0256724110256091,-0.042115725925193,0.013053396399287,-0.0164433148995839
"185",185,56,0.00927169277498335,-0.341374597379,0.140662610352852,0.319084488525713,0.482037207731853
"186",186,58,0.370329841385364,-0.118455784719812,-0.0594510829942793,0.0088400803831969,0.0590047017255328
"187",187,28,0.0198257447234419,-0.220837544339858,0.292486140562058,0.243978923243026,0.513323684901916
"188",188,82,0.000167278482542895,-0.0447744000056894,0.484551834518341,0.556601983244052,0.529326234524031
"189",189,62,0.359849990768252,0.0161329221050902,0.0748756271791597,0.0988922506273854,0.0587427050740695
"190",190,62,0.204391822001348,-0.0292292156827414,0.129699968923907,0.23069565814368,0.158929184606648
"191",191,22,0.0405762646205171,0.109264208677485,0.612757907624822,0.847127839411561,0.503493698947336
"192",192,48,0.450535986530426,0.110307594282656,0.138098195145394,0.109852243315248,0.0277906008627384
"193",193,66,0.657623235276924,0.0825919445530835,0.0102553193775644,0.130033950268585,-0.0723366251755191
"194",194,96,0.26732453569913,0.105193545386857,0.191492043752825,0.310674280258238,0.0862984983659684
"195",195,48,0.642691069457372,0.300232655014154,0.22244744508768,0.220224558971795,-0.0777852099264743
"196",196,102,0.872649768054717,0.26893751578491,0.104996291080477,0.288067033940315,-0.163941224704433
"197",197,98,0.0109280510922748,-0.117399107924965,0.217491637111358,0.199121465563121,0.334890745036323
"198",198,154,0.0265558533460613,0.000410810938601818,0.232402156864049,0.0936040491367494,0.231991345925447
"199",199,104,7.71637902459577e-08,0.000761901964583467,0.734860342481202,0.65737656511096,0.734098440516618
"200",200,68,0.315179541442092,-0.0905832366494789,-0.00790233669195037,0.123665072954255,0.0826808999575286
"201",201,78,0.0240571836201033,0.100628641946879,0.412273850766971,0.303451736488403,0.311645208820092
"202",202,32,0.000107347957562191,0.147552554940605,1.14209535464128,0.834419782002516,0.994542799700671
"203",203,28,0.182739724701113,0.0197883568553909,0.261657939896903,0.437131416350068,0.241869583041512
"204",204,24,0.127589572823829,-0.0318828263841497,0.331449643661578,0.23470138411268,0.363332470045728
"205",205,86,0.183549840774638,-0.0185509262339052,0.122529758607908,0.0917958299880983,0.141080684841813
"206",206,134,6.73628153449822e-05,-0.155421253405567,0.308208588889576,0.269302336090421,0.463629842295143
"207",207,76,0.0465451159577242,-0.0754505188941404,0.188401074890255,0.0846955304612726,0.263851593784396
"208",208,162,0.00117829071121187,0.0930866055676717,0.449491939918083,0.323378506834962,0.356405334350411
"209",209,38,0.200538074833652,0.0582005720150756,0.258363144224738,0.320490707787435,0.200162572209662
"210",210,70,0.0430861875335489,0.0641777751633651,0.364078117419062,0.383148409057095,0.299900342255697
"211",211,122,0.206354886480155,-0.0511355464261349,0.0633128963712934,0.0910067478435547,0.114448442797428
"212",212,62,0.00219739075982823,-0.209164294449346,0.318983305534511,0.247402453674326,0.528147599983857
"213",213,26,0.047529097455778,0.105544695123325,0.500829445829549,0.514147539470083,0.395284750706223
"214",214,38,0.053592869654897,-0.236986991109653,0.162393785957561,0.300542546508736,0.399380777067214
"215",215,112,0.00716044372466846,0.0258651565925366,0.38524901271562,0.329541886586357,0.359383856123084
"216",216,200,3.14887898390473e-09,0.0266312232388557,0.663930324891467,0.615281580895564,0.637299101652611
"217",217,124,0.00319408928809797,-0.0599947738926615,0.284245135494235,0.283729588225229,0.344239909386897
"218",218,60,9.58535613153369e-05,0.0109938635573903,0.695173522067414,0.387087150647197,0.684179658510023
"219",219,200,0.00898170814232793,-0.106562427320353,0.128368481262502,0.0139416804428795,0.234930908582855
"220",220,46,0.00342055853227741,-0.0136496033529376,0.588870601149654,0.497909773978704,0.602520204502592
"221",221,38,0.00312919696868623,-0.183293550405639,0.410184595655854,0.264499014926049,0.593478146061493
"222",222,28,0.174513049401616,0.217207764862467,0.478175980686614,0.482646756445333,0.260968215824147
"223",223,26,0.422298946887766,0.306875630639998,0.352058746956635,0.0571226094934887,0.0451831163166371
"224",224,134,0.0176291880111235,-0.102101611326662,0.16173764237895,0.133092758663293,0.263839253705612
"225",225,40,0.0967964881707053,-0.00736457406024502,0.310505490705116,0.56440379096516,0.317870064765361
"226",226,74,0.00577282170966413,0.0221324643330315,0.463063258440975,0.361628671813252,0.440930794107944
"227",227,92,0.260890348456831,0.146037457492525,0.23872831095124,0.247545658062975,0.0926908534587152
"228",228,76,0.0929765371221261,0.18057705370008,0.397636824041909,0.227841768356373,0.217059770341829
"229",229,134,0.0218705658097679,-0.0931976393881404,0.147254030891903,0.152071604431818,0.240451670280044
"230",230,32,0.0129305621419818,-0.0663711470944643,0.38106362003527,0.260328183644813,0.447434767129735
"231",231,68,0.00710595340903189,-0.139051224456312,0.285110601581854,0.215470700457383,0.424161826038166
"232",232,32,0.0483607115987132,-0.0686973393573508,0.352794752834228,0.240137619078074,0.421492092191579
"233",233,44,0.0287559589976747,-0.345296744024523,0.0523874859552057,0.0506698089599509,0.397684229979729
"234",234,110,0.0308132841649011,0.208616189864737,0.464183824229156,0.488550801112467,0.255567634364419
"235",235,50,0.968976021981918,0.259413917828581,-0.12379902689934,0.0121614249789791,-0.383212944727921
"236",236,114,0.223633753144836,0.0342135950635587,0.12904424938163,0.0889294374076903,0.0948306543180711
"237",237,140,0.315808658548451,0.118154758269524,0.174298941575746,0.228410188046228,0.0561441833062222
"238",238,154,0.113742102149171,-0.121965933419634,0.0239930153093927,0.127678257156414,0.145958948729027
"239",239,42,0.0150652123196756,0.0169347208711027,0.503026990900303,0.424649066717146,0.4860922700292
"240",240,58,5.01276068509668e-05,-0.0322523279153541,0.755345646683883,0.745858717234946,0.787597974599237
"241",241,46,0.000118920583398458,-0.0754382568858096,0.716999463788224,0.615101355477761,0.792437720674034
"242",242,58,0.000311036030399873,0.00786843308502975,0.606175009654836,0.291571623935196,0.598306576569806
"243",243,42,0.174018318659544,-0.0490290084963991,0.136849226474559,0.0797783314572264,0.185878234970958
"244",244,42,0.0780153602828958,-0.0237886637745546,0.266381247185961,0.223325384080631,0.290169910960516
"245",245,104,0.000661975046729749,0.0388590168593052,0.459166320397204,0.36813990706584,0.420307303537899
"246",246,88,0.000532717864919505,-0.00704710264342486,0.448714031107199,0.342433993356023,0.455761133750624
"247",247,74,0.943650797787026,0.333995673853557,0.0988820600307805,0.165788696253243,-0.235113613822776
"248",248,64,0.293991580374545,0.0567101267150515,0.157930372704621,0.106236249376791,0.101220245989569
"249",249,200,0.273329758251301,0.0707275107027246,0.132879249504807,0.173104177743714,0.0621517388020822
"250",250,102,0.23780251080409,0.138109907117299,0.235208964890829,0.239570449849736,0.0970990577735299
"251",251,54,0.0101055060832839,-0.0215197677048038,0.417997787955371,0.333666461104052,0.439517555660175
"252",252,112,0.0478139760040054,0.0351297439696619,0.232851872780484,0.472061968143463,0.197722128810822
"253",253,48,0.831534140563636,0.083757109673059,-0.0868770302505676,0.0103036301515366,-0.170634139923627
"254",254,200,0.289397966835401,0.113354805276876,0.168735607332025,0.0983994947013933,0.0553808020551487
"255",255,30,0.123690073734789,0.0451845110481379,0.309647097330024,0.472681383581821,0.264462586281886
"256",256,200,0.385400301614556,0.0569070080766602,0.084639098822639,0.123581102422677,0.0277320907459788
"257",257,62,0.00731462867551938,0.114010629037299,0.556606673774151,0.659981124989223,0.442596044736853
"258",258,118,0.893311936072003,0.0420971607817228,-0.126288974067764,0.0664898967769263,-0.168386134849487
"259",259,98,0.00157346212433123,0.152979870377445,0.569047107587748,0.660021337554606,0.416067237210303
"260",260,32,0.854596924374342,0.165455981113166,-0.102741630202177,0.029214558141178,-0.268197611315344
"261",261,64,0.157821220474785,0.155232188902244,0.32546680702013,0.318055376184184,0.170234618117885
"262",262,34,0.757688570104571,0.229600575410741,0.0420564076888548,0.086427459997255,-0.187544167721886
"263",263,82,4.65391618920117e-08,-0.0741798655533474,0.755264415331949,0.608075051998697,0.829444280885296
"264",264,116,0.00157302227875816,-0.0637822666735169,0.346969291184458,0.183359154209851,0.410751557857975
"265",265,38,0.0285870064606982,-0.297238196803794,0.156182771575929,0.15410721388539,0.453420968379723
"266",266,200,0.0774006496130498,0.107023538072823,0.254352761982931,0.203762302236894,0.147329223910109
"267",267,34,0.106510977577333,0.0827376199978931,0.381516021425235,0.481787736867104,0.298778401427342
"268",268,68,0.000364001346672532,-0.123151767586613,0.510080610622841,0.312334664075189,0.633232378209454
"269",269,60,0.0896273633788933,-0.00711235656042689,0.240253607420012,0.390147555068816,0.247365963980439
"270",270,54,0.0451569663391078,-0.322622243876689,0.0339256883683522,0.0308840223421712,0.356547932245041
"271",271,200,0.145844357330993,-0.124723001671969,-0.0132548088253163,0.177367814269822,0.111468192846653
"272",272,50,0.0376741663610184,-0.156608430287531,0.191770851548482,0.0783148430786774,0.348379281836013
"273",273,48,0.00830884445454387,0.118727154992778,0.642407489717329,0.45489373162943,0.523680334724551
"274",274,44,0.00144843772097112,0.202387812843474,0.775028491060758,0.375415324661067,0.572640678217284
"275",275,36,0.000525627528820852,-0.17677172323962,0.703812809294098,0.449399756026976,0.880584532533718
"276",276,42,0.002395152471463,-0.24839773987238,0.339532736969499,0.285871049714045,0.587930476841878
"277",277,24,0.0877549666704469,0.132836220375625,0.512934728377425,0.605539751719895,0.3800985080018
"278",278,54,0.0508896779928085,-0.0106373148972226,0.290264120850933,0.387378740298589,0.300901435748156
"279",279,46,0.000222444485536064,0.0225868771761909,0.772914173591445,0.729990389535499,0.750327296415254
"280",280,80,0.93761488354248,0.255653185421431,-0.0211721339623862,0.0621136796775786,-0.276825319383817
"281",281,48,0.32786151352603,0.0940927756793793,0.186954286436502,0.355517546908888,0.0928615107571225
"282",282,84,0.00479878176440861,-0.202917906944128,0.210734872032117,0.213935878261497,0.413652778976244
"283",283,24,0.362231891684797,-0.0469156554017461,0.0688536808132177,0.37968585964485,0.115769336214964
"284",284,38,0.129043889915238,0.0770789925596169,0.35696506833203,0.306249218333738,0.279886075772413
"285",285,78,0.0298096121509722,0.0220917051234613,0.331467562202865,0.262800382053832,0.309375857079404
"286",286,74,0.0907327217331658,0.0690176701137066,0.310649016823236,0.44058974704159,0.24163134670953
"287",287,178,0.0879806863935509,-0.046868079418155,0.0942428627437372,0.115567796463815,0.141110942161892
"288",288,50,0.00310418632429518,-0.0082312625942587,0.496034389813674,0.375136220475705,0.504265652407933
"289",289,42,0.019153215421743,-0.135847778876516,0.345141413087939,0.30873918225249,0.480989191964455
"290",290,98,0.00246138367711511,0.0744925042536045,0.482848876890272,0.527509907377133,0.408356372636667
"291",291,40,0.00211793243852957,-0.105934402164672,0.590435486003269,0.547922064956148,0.696369888167941
"292",292,72,0.0818624703323456,-0.109613066421352,0.116412350409921,0.104210018927301,0.226025416831273
"293",293,64,1.52073912570097e-06,-0.100909813979452,0.793489588140621,0.72588041355784,0.894399402120073
"294",294,40,0.00014157338738532,0.0778685311711027,0.887678644888237,0.782885993728794,0.809810113717135
"295",295,70,0.127176997793077,-0.0793418575148686,0.0915436012814598,0.154735552464787,0.170885458796328
"296",296,40,0.0574977542252972,-0.0878315493052745,0.327038808199777,0.472023817420142,0.414870357505052
"297",297,28,0.00122532519914302,0.179493614906926,0.934398010916307,0.34845716798059,0.754904396009381
"298",298,58,0.0134523569833241,-0.196719553932253,0.197832637405261,0.101649064285549,0.394552191337514
"299",299,50,0.002050712901467,-0.0667873374819215,0.43549089826468,0.409527922775916,0.502278235746601
"300",300,126,0.594250461273049,0.269138623103223,0.238834465817996,0.303761704781766,-0.0303041572852266
"301",301,54,0.00948650357587515,-0.00689601638472214,0.434088020400769,0.373489037500526,0.440984036785491
"302",302,34,0.0590191982688547,0.0395519258308524,0.419853697114824,0.323781747897125,0.380301771283971
"303",303,54,0.0522115646934563,-0.257729971378418,0.0681160690824281,0.139459649622873,0.325846040460846
"304",304,42,0.00152244996145946,0.099907679213032,0.782587422374315,0.667813916898791,0.682679743161283
"305",305,30,0.137321471872104,0.0763450797872472,0.368220215063374,0.263875064330661,0.291875135276127
"306",306,52,0.94564620622745,0.0930348234610752,-0.240610843162392,0.0676265921347993,-0.333645666623468
"307",307,64,0.0126988517919675,-0.16362389315254,0.228628435131088,0.307523236091143,0.392252328283628
"308",308,56,1.08784042962296e-05,-0.396759963022507,0.471218632719691,0.256894722011817,0.867978595742197
"309",309,84,1.19888202337849e-05,-0.0803782336740777,0.483080508640365,0.414529757541986,0.563458742314442
"310",310,70,0.0286281162258546,-0.0158056290013689,0.262529918269577,0.447467364166485,0.278335547270946
"311",311,66,0.00250767235996076,-0.0334463480502714,0.43217946721264,0.395911583282685,0.465625815262911
"312",312,102,0.195961568076959,-0.0209094923119649,0.106913840159364,0.134168800475633,0.127823332471328
"313",313,90,0.525986881543616,0.0889550337221962,0.0798941005798774,0.187757994959872,-0.00906093314231886
"314",314,90,0.202063323847283,0.0065923813145734,0.138644178036285,0.0805832143951706,0.132051796721712
"315",315,38,0.21429483473432,0.186743637236641,0.362514326458371,0.492673876545563,0.175770689221729
"316",316,112,0.150184704357169,0.0882029969149923,0.231307163056295,0.165408803873144,0.143104166141303
"317",317,68,0.00123938028781096,-0.208422901598909,0.306184172308035,0.227180689524017,0.514607073906944
"318",318,200,0.243897759195224,-0.17282170948895,-0.0996986092640489,0.0195921021469171,0.0731231002249007
"319",319,34,0.3204560600618,0.11470918762382,0.231954535454597,0.344544381517276,0.117245347830777
"320",320,200,0.49407694338532,0.125908111861893,0.127378028431704,0.0480440332481213,0.00146991656981069
"321",321,132,0.026519894027965,0.0288361576228302,0.276439388427568,0.231783286806346,0.247603230804738
"322",322,62,0.000255413338538872,-0.118280800779083,0.557796498863413,0.421852680610254,0.676077299642496
"323",323,54,0.100374282315622,-0.0932863404473615,0.163309871530069,0.186187192079965,0.25659621197743
"324",324,38,0.523245911031677,-0.16314663615449,-0.174696243754015,0.186601979029719,-0.0115496075995242
"325",325,96,0.0425114952163928,-0.0916761942093612,0.143548704479611,0.0376661630331756,0.235224898688973
"326",326,48,0.133929900598495,0.181724470111287,0.38845048717095,0.572745913362844,0.206726017059662
"327",327,66,0.0064794866202133,0.0770457351620829,0.486672557469472,0.385143429303783,0.409626822307389
"328",328,122,0.0152985090033057,-0.0258202330998648,0.278749825909274,0.110092795235885,0.304570059009139
"329",329,106,0.0354033064590428,0.0417826954861131,0.299205478900268,0.190157634706649,0.257422783414154
"330",330,28,0.0322176004185704,0.250513744655548,0.79091111011547,0.554850121163086,0.540397365459922
"331",331,58,0.0512855311473625,0.0264802027640204,0.352163756236525,0.489268535258656,0.325683553472504
"332",332,60,0.218561140804504,0.0891084131903359,0.231549760417419,0.299200199901454,0.142441347227083
"333",333,120,5.42323435456228e-06,-0.020042441648132,0.540776563862028,0.395750893735905,0.56081900551016
"334",334,94,0.425597079196625,0.169101240109881,0.195902003434302,0.195123440493892,0.0268007633244213
"335",335,38,0.00128368501922768,-0.123519897050305,0.497505490146542,0.270144846771155,0.621025387196846
"336",336,54,0.124924605672325,-0.037297879686133,0.193600566993236,0.0581562948761134,0.230898446679369
"337",337,126,0.168463844552808,0.00567949561085571,0.123077815959095,0.186089784616512,0.117398320348239
"338",338,96,0.135456296010558,0.0521258641990813,0.226657670289512,0.286214214740921,0.174531806090431
"339",339,34,0.373706336105639,0.0674953292199292,0.142147638729252,0.229321355295353,0.0746523095093228
"340",340,16,0.091283681558809,-0.173215372091174,0.303154726669731,0.166030212634143,0.476370098760905
"341",341,42,0.0879969168817971,-0.115788353755989,0.175622046144648,0.0168394835519822,0.291410399900637
"342",342,96,0.00811742702947845,-0.165884696005402,0.178196165220564,0.111648940492182,0.344080861225966
"343",343,146,0.084181440144238,-0.095316503062089,0.0634255180572565,0.147686563050656,0.158742021119345
"344",344,170,0.00451510372616367,-0.0644517661063615,0.224606081273669,0.127249130027334,0.28905784738003
"345",345,154,0.00057611859642726,0.0387153653305195,0.378553690386789,0.285875654582673,0.339838325056269
"346",346,58,0.000103817394571327,-0.202976780728334,0.431893631114197,0.244005638275057,0.634870411842531
"347",347,48,0.24471639842639,0.156664487254327,0.296872538216641,0.302187281372798,0.140208050962314
"348",348,60,0.0539351286354322,-0.00441497088570807,0.297680379215047,0.117477899388117,0.302095350100755
"349",349,60,1.50522963663751e-05,-0.277207034956167,0.524167411983206,0.430042460883838,0.801374446939373
"350",350,44,0.0898071801907472,-0.0469451428437392,0.223504379018931,0.32306660691678,0.27044952186267
"351",351,176,0.000353888135281962,0.0603773252266312,0.420427022581795,0.425727040897695,0.360049697355164
"352",352,40,0.523345151271644,0.242635350033575,0.231249064584227,0.2249834709271,-0.0113862854493486
"353",353,124,0.00118254421518209,-0.0195774954824876,0.383465136684933,0.400455254539742,0.40304263216742
"354",354,16,0.234583454141028,-0.203456491612574,0.034942647929319,0.243124048013275,0.238399139541893
"355",355,192,0.045634985423729,0.0196922642788059,0.19198696671148,0.179626492611023,0.172294702432674
"356",356,164,0.00634232340483289,0.0615422360420195,0.332125310064118,0.342946647262231,0.270583074022098
"357",357,56,0.0655009451664716,-0.172327368190849,0.119393271065546,0.126536397641962,0.291720639256395
"358",358,164,0.0180399682397453,0.0995366952455061,0.338847952471616,0.388650518717192,0.23931125722611
"359",359,200,0.234030149586053,0.0619115345398809,0.134705815626569,0.0741531335806101,0.0727942810866879
"360",360,72,0.000207419863797006,-0.0878168968881409,0.415841291303519,0.258649832317762,0.50365818819166
"361",361,28,0.267347602595442,-0.095089330336286,0.0651889132399942,0.259180573402995,0.16027824357628
"362",362,42,0.0572871079015648,-0.00854279029283133,0.312959880583952,0.408539952772034,0.321502670876783
"363",363,22,0.342710632274863,-0.0588934575261417,0.0497706322865801,0.312169169314768,0.108664089812722
"364",364,54,0.223692882235074,-0.0647510232944676,0.0804085122840533,0.289309788216123,0.145159535578521
"365",365,56,0.0031536550750513,-0.112426577552534,0.433379075624001,0.389476321793466,0.545805653176535
"366",366,200,0.0111566024892302,-0.0605172399935951,0.18219071822708,0.110745631677373,0.242707958220675
"367",367,56,0.0776819905722116,-0.0992832704929316,0.168305491180167,0.197245829323223,0.267588761673098
"368",368,40,0.0113304920687199,-0.177539684953313,0.359973111910292,0.389002232398896,0.537512796863605
"369",369,130,0.000466213817256625,-0.063192704544934,0.337589691202947,0.368834067621523,0.400782395747881
"370",370,54,0.0334527008057814,0.0373139276603929,0.399373276404233,0.483289713348243,0.36205934874384
"371",371,108,0.143007198946989,-0.0653905666936077,0.0777296221713751,0.0369189610500267,0.143120188864983
"372",372,156,2.08041261620125e-06,-0.136261821252423,0.402445444260536,0.239648405399996,0.538707265512959
"373",373,52,0.361619480637016,0.0735227845738778,0.140708412960534,0.0107147779836092,0.0671856283866562
"374",374,122,0.592936509836854,0.0144173686708217,-0.014803542311681,0.0200193620357266,-0.0292209109825027
"375",375,66,0.005419399380271,-0.137468006481206,0.33020363504641,0.241121530716293,0.467671641527616
"376",376,200,0.87395649004057,0.115983026230045,-0.00406367453765412,0.0378106562244585,-0.120046700767699
"377",377,200,0.00939973995744748,0.0254242513051722,0.259448773111775,0.18721412483327,0.234024521806603
"378",378,76,0.504460828859468,0.15002919242664,0.148318934356206,0.140251475021008,-0.00171025807043362
"379",379,26,0.187393319296262,0.0600323836659732,0.273299103840352,0.48358740581052,0.213266720174379
"380",380,54,0.00233520310510197,-0.0904502250978494,0.439594934922964,0.41133618477758,0.530045160020813
"381",381,54,0.00217280865487354,-0.0889466686816639,0.482214935769192,0.398786763682957,0.571161604450856
"382",382,158,0.471518919135106,0.0588465476685347,0.0672707896264537,0.0783289645626625,0.00842424195791902
"383",383,122,0.495982904630063,0.135856534295515,0.137142544738041,0.0660138869965648,0.00128601044252641
"384",384,154,0.0842385079668707,0.0881545807389734,0.243982730601538,0.31197284413072,0.155828149862564
"385",385,36,0.633475592470152,0.41379894640202,0.316958296093516,0.309754577419036,-0.0968406503085043
"386",386,68,0.000550046924033418,-0.141413668142301,0.386966828829782,0.330511817387638,0.528380496972083
"387",387,46,0.317534783896249,0.174539960603828,0.274184237740983,0.414998183645277,0.0996442771371556
"388",388,64,0.589423120319775,0.0898126262625128,0.0519439320663765,0.119290103480039,-0.0378686941961363
"389",389,72,0.573888601255814,0.0994832955714957,0.065635867925437,0.132441072688183,-0.0338474276460587
"390",390,52,0.346540330641847,0.217793422493277,0.289944619834767,0.2649720322231,0.0721511973414905
"391",391,26,0.0183326250548017,-0.562390704338807,-0.00608652891824895,0.245136583742893,0.556304175420558
"392",392,50,6.79340380788561e-06,-0.179352096080988,0.682438935985173,0.62643881650422,0.861791032066161
"393",393,22,0.729760157501257,0.346896318538702,0.150089132990428,0.0338280123373629,-0.196807185548275
"394",394,34,0.0670529255074685,-0.146519956103349,0.261601299758725,0.278953995346657,0.408121255862073
"395",395,58,1.588830237536e-06,-0.0961820185422419,0.756095423183458,0.687596855911666,0.8522774417257
"396",396,26,0.478818581786417,0.447229845019099,0.462889726410122,0.447971630154491,0.0156598813910233
"397",397,100,0.309785054026702,0.0488655994014957,0.121775712898707,0.0880861450346682,0.0729101134972109
"398",398,108,0.0325488941856071,-0.0228024389510948,0.231004962552765,0.0155988557584391,0.25380740150386
"399",399,100,0.391807823780161,0.0139144897442567,0.0500273124968461,0.0695129466539132,0.0361128227525895
"400",400,52,0.248088233868834,0.0332771178713419,0.169829208587569,0.283738280764854,0.136552090716227
"401",401,184,0.0434259479609682,0.0271021244439869,0.210732874430577,0.11615219294848,0.18363074998659
"402",402,46,0.359387100461447,0.124498966928547,0.193554399524648,0.143892288363921,0.0690554325961016
"403",403,124,0.083413666648005,-0.0730080866445065,0.109170755559449,0.0516458334620834,0.182178842203955
"404",404,74,0.0399627383752202,0.0134182938549005,0.31509883787786,0.182189926590429,0.301680544022959
"405",405,80,0.161899549300575,-0.0720783986618964,0.0761390306755248,0.221594891879595,0.148217429337421
"406",406,88,0.0019740372812014,0.0633147671690559,0.459631450207761,0.577142007132079,0.396316683038706
"407",407,70,0.018043231887623,-0.132744621686519,0.260779061583008,0.347273076066172,0.393523683269527
"408",408,200,0.0498919858592466,-0.0935535513717125,0.0659035696935771,0.172818964998455,0.15945712106529
"409",409,200,0.0597856835346307,-0.0486229237908518,0.105203743355951,0.148244895245786,0.153826667146803
"410",410,86,0.0729093429972627,-0.0234826199982949,0.220020079696955,0.0946075487589096,0.24350269969525
"411",411,38,0.0013411857994754,-0.0289758838506135,0.635111186689643,0.554578031782509,0.664087070540257
"412",412,118,0.101439147764494,-0.0102431922802601,0.164805512789669,0.28971883428316,0.175048705069929
"413",413,30,0.354449208401836,0.073192678861763,0.167642229522923,0.171694645119029,0.09444955066116
"414",414,156,0.06288000019744,-0.0866882811045413,0.0879285379978863,0.0520702339397253,0.174616819102428
"415",415,106,0.11887967277277,0.0289532859486888,0.198976765363936,0.11454990478618,0.170023479415247
"416",416,132,0.466556217587807,0.0161619673746639,0.0258555331388991,0.0402029551489643,0.00969356576423519
"417",417,32,0.000502717055109474,-0.0611460824520109,0.794302942103074,0.521082181323306,0.855449024555085
"418",418,184,6.97308243758587e-09,-0.00130301834172878,0.643686791305354,0.571345489873377,0.644989809647082
"419",419,12,0.12827035819548,-0.0105922586573978,0.563361861536008,0.158897569181312,0.573954120193406
"420",420,60,0.00163641489894173,-0.0111537885622111,0.495385355192682,0.369772574062783,0.506539143754893
"421",421,200,0.285700205796398,0.0068404277038023,0.0635215922737335,0.153448744256039,0.0566811645699312
"422",422,200,3.00931060824275e-05,-0.0377834043053406,0.366054376978512,0.391912442407763,0.403837781283853
"423",423,104,0.316704875806763,0.0289536323873023,0.0979189893302102,0.0490576461639315,0.0689653569429079
"424",424,46,0.458371292290982,0.065129721576619,0.0858480106869097,0.0411309606161269,0.0207182891102907
"425",425,186,0.0253297459816342,-0.0190687335046629,0.180500445311023,0.1097962627833,0.199569178815686
"426",426,118,0.129681158260746,-0.147934255989784,0.00421641902467994,0.0103057379105984,0.152150675014464
"427",427,154,0.28491384285281,-0.000576563227862323,0.0661353967881367,0.0697750571445282,0.066711960015999
"428",428,90,1.32065519749695e-09,-0.231881440363191,0.712225867392141,0.717296154363281,0.944107307755332
"429",429,168,5.96277156919366e-05,-0.00275360783778858,0.446333451982074,0.444681344969182,0.449087059819863
"430",430,92,0.298993791467586,-0.0933204653008652,-0.0154161195715018,0.0454555247946631,0.0779043457293633
"431",431,40,0.129054865627763,0.134091909056195,0.433329792438919,0.399308385607567,0.299237883382724
"432",432,96,0.540919249769231,0.238847578052883,0.222839005854617,0.184485917768254,-0.0160085721982659
"433",433,98,0.00127519384834692,-0.0259914784283148,0.41709183987914,0.327897361892249,0.443083318307455
"434",434,82,0.465078238758364,0.0246061272504839,0.0382824768530867,0.0710836170174766,0.0136763496026029
"435",435,40,0.00135775131199773,0.0280245679598941,0.719706963078804,0.432856925927165,0.69168239511891
"436",436,200,0.15053212316415,-0.0622610798747014,0.0426203904523009,0.0667200142485926,0.104881470327002
"437",437,156,0.000113795068640165,-0.0379327965925035,0.395494992722501,0.351161984986504,0.433427789315005
"438",438,52,0.591926152601787,0.202033707873808,0.157585912674443,0.16886681836098,-0.0444477951993647
"439",439,68,0.0438367498991929,0.0656450473063329,0.330108152032576,0.483411133750771,0.264463104726243
"440",440,22,0.141054851758329,-0.106410693368581,0.208643714666418,0.108866185579445,0.315054408034999
"441",441,64,0.0110371817844477,-0.274921060244989,0.1726415807249,0.0970353395889863,0.44756264096989
"442",442,92,0.712463591350827,0.325116722147209,0.240838816814036,0.27894428205158,-0.0842779053331731
"443",443,74,0.437420622769343,0.0354953602339724,0.0621362411666498,0.0680222147343175,0.0266408809326774
"444",444,60,0.167601301972777,-0.125599084771775,0.06899647682392,0.120596487509923,0.194595561595695
"445",445,48,0.441519852239894,0.0946256456264359,0.125707523265474,0.133527595768266,0.0310818776390385
"446",446,104,2.33607164712944e-05,-0.17180306660999,0.411473511599802,0.342046318909837,0.583276578209792
"447",447,146,0.259496348600873,-0.0359565959440727,0.0382850073407236,0.0410348080261319,0.0742416032847962
"448",448,36,0.78040349761036,0.0494012412384469,-0.136850058781892,0.0815538156921453,-0.186251300020339
"449",449,88,1.35544728914268e-05,-0.207705984586473,0.437641786043275,0.308779255237517,0.645347770629748
"450",450,64,0.0696770265230006,-0.0586861544816856,0.221538317219879,0.364799874521536,0.280224471701565
"451",451,54,0.503400142682439,-0.0813663678899583,-0.0830936307884644,0.0309738303482034,-0.00172726289850611
"452",452,74,0.00193836146115983,-0.0332007424451778,0.480438812266087,0.40057107547488,0.513639554711265
"453",453,128,0.000200228118203712,-0.00906472110929481,0.434631528047566,0.311047314442192,0.443696249156861
"454",454,104,0.00410112345581319,0.00101794051449396,0.361062002181384,0.390025094978099,0.36004406166689
"455",455,30,0.0011502746858176,-0.308861077216738,0.493443624911443,0.178430404710041,0.802304702128181
"456",456,98,0.109590069202629,-0.0808727543512438,0.0937101078583626,0.125143915105976,0.174582862209606
"457",457,86,0.765350370464105,0.165296033796577,0.059782782728974,0.0806506642950192,-0.105513251067603
"458",458,66,0.0188409111529883,0.0598301985126806,0.461393174731442,0.589584866384619,0.401562976218761
"459",459,64,0.310842313765406,0.151560128012267,0.240792241796698,0.247280752642588,0.0892321137844315
"460",460,36,0.203872555748491,0.0042610661260151,0.210645360029866,0.201924093860801,0.206384293903851
"461",461,62,0.141307205797408,-0.104999851527467,0.0895080993683565,0.191757461986891,0.194507950895823
"462",462,98,0.293482412448377,-0.116918220181296,-0.034319253406776,0.142851921144373,0.0825989667745197
"463",463,134,9.37388526746722e-07,-0.156410844669344,0.435071999040889,0.436741339984352,0.591482843710233
"464",464,60,0.000172991790863375,-0.123217216186058,0.595192737174865,0.418955518125909,0.718409953360923
"465",465,44,0.450789044207476,0.20359191835701,0.230052817137961,0.397352378462698,0.0264608987809506
"466",466,68,0.000399396128578543,-0.194884532882436,0.401307196902599,0.401511083749318,0.596191729785035
"467",467,34,0.00510441903265696,-0.199129979844312,0.439365485200518,0.185016309524331,0.63849546504483
"468",468,52,0.0241352041582203,-0.0110671218773012,0.372809782363826,0.251992641008149,0.383876904241128
"469",469,106,0.0268387801406783,-0.153374129160943,0.138173916223125,0.267764020240531,0.291548045384068
"470",470,94,0.108538243768079,-0.0174976888199574,0.17216347452423,0.346072450334108,0.189661163344188
"471",471,72,0.108001568797366,0.322311684169012,0.520823920097205,0.435015550034549,0.198512235928193
"472",472,42,0.836805064508832,0.314514440929758,0.101687508260282,0.395209037114383,-0.212826932669476
"473",473,50,0.568017740685004,0.0489067890838636,0.014052580030161,0.132116755215434,-0.0348542090537026
"474",474,36,0.0947975592822899,-0.259866518773158,0.0352823345215744,0.0843233165026891,0.295148853294732
"475",475,38,0.905256312464948,0.149475517658448,-0.144071762306232,0.311871261401822,-0.29354727996468
"476",476,84,0.00305455297570952,-0.161219047218285,0.279992046919287,0.368561525661973,0.441211094137571
"477",477,90,0.00463351217299428,0.181680816730762,0.559370756749138,0.618576975665583,0.377689940018375
"478",478,44,0.819176951934077,0.274312721004099,0.0785941637035819,0.11283773502736,-0.195718557300517
"479",479,98,0.000158689800533761,0.10348436001102,0.612389909800612,0.262623645822155,0.508905549789592
"480",480,140,0.0208752537276309,0.0654149395541331,0.308773756276879,0.33851100969579,0.243358816722746
"481",481,200,0.206556172510309,0.0667405324841963,0.146374755087767,0.177462228118031,0.0796342226035702
"482",482,30,0.00811851887619148,-0.0388544711557664,0.480537054160194,0.510994975987373,0.51939152531596
"483",483,60,0.000112882424307153,0.122837650730032,0.761592529946081,0.601725287487946,0.638754879216049
"484",484,200,0.00910457573661356,-0.053589550354137,0.16679025571128,0.113997261682142,0.220379806065417
"485",485,200,9.58951602005762e-09,-0.0772962840350534,0.521248808544718,0.453562562444626,0.598545092579771
"486",486,64,0.0104089341424079,-0.0552359596452836,0.383401169631566,0.18106558777185,0.438637129276849
"487",487,126,0.0355899457185289,0.055382025326311,0.275649369963993,0.325229409138821,0.220267344637682
"488",488,44,0.305727251583268,0.111810187080432,0.226769485980091,0.264487549184416,0.114959298899658
"489",489,142,0.260162822686658,0.0757043061635217,0.145749296281338,0.177817149861773,0.0700449901178163
"490",490,154,0.171965302843331,0.017349423107813,0.126180542164873,0.0353909768014946,0.10883111905706
"491",491,88,0.00035349793096632,0.146060140605007,0.690332228900876,0.531713587625263,0.544272088295869
"492",492,68,0.000123035886928545,-0.0470062031112076,0.602300258101397,0.370025648930143,0.649306461212605
"493",493,58,0.732200040892647,0.173177884651691,0.0639853274061481,0.194332445230205,-0.109192557245542
"494",494,66,0.0127184433721764,0.0158148316294109,0.38889934410203,0.439178912434427,0.373084512472619
"495",495,60,0.33364682256531,-0.0813861970262008,-0.00695587119507633,0.0198183862869685,0.0744303258311245
"496",496,162,3.40822959293643e-07,-0.0909670736180875,0.465191612293547,0.507905722663747,0.556158685911634
"497",497,46,0.00810110559529013,-0.0582468136689506,0.495479840772,0.364309931736786,0.553726654440951
"498",498,50,0.0183913534011945,-0.186957699024489,0.230037423086579,0.0500173649333366,0.416995122111068
"499",499,144,0.0509205877070252,-0.00790134035181638,0.188269612480698,0.105426660916001,0.196170952832515
"500",500,88,0.0914095244256398,-0.109587301968385,0.0930657284876964,0.230386317138299,0.202653030456082
"501",501,110,6.11476055328423e-13,-0.212012326342834,0.759048175284231,0.579270266049907,0.971060501627064
"502",502,66,0.391617151328861,0.0362944207379686,0.0799137048615745,0.152568442376715,0.0436192841236058
"503",503,42,0.0118664982987197,-0.126750123876916,0.385901363818826,0.382790967274362,0.512651487695742
"504",504,16,0.0791851934152604,0.0579311472611731,0.557150949337437,0.254041951802581,0.499219802076264
"505",505,194,1.83516960463431e-06,-0.0852239654824427,0.374720756645448,0.337288458645238,0.459944722127891
"506",506,68,0.0105248886994913,-0.0640058407692239,0.289884588402538,0.380460661738766,0.353890429171762
"507",507,26,0.325019152346057,0.212697181108402,0.326462873160013,0.625951216026968,0.113765692051611
"508",508,96,7.69563283922738e-05,-0.0584517043248572,0.494109594017769,0.48719334036714,0.552561298342626
"509",509,60,0.365074017161082,0.0546426542041541,0.118198257273249,0.176094077150133,0.0635556030690949
"510",510,80,0.163076340392628,-0.125010423803866,0.0255404302600165,0.225545854674774,0.150550854063883
"511",511,34,0.0607004210004312,0.0919164183297896,0.527006244994567,0.501855403365161,0.435089826664777
"512",512,94,0.00269910705663033,0.0470951105225641,0.459638638279386,0.31586278733781,0.412543527756822
"513",513,120,0.355323356794034,0.0941639839806792,0.141206199803866,0.288027769410075,0.0470422158231867
"514",514,84,0.133037646817376,0.31102674833538,0.465617395912908,0.444916965763579,0.154590647577528
"515",515,122,0.735288334827787,0.114377049130288,0.0382113555885289,0.127621807252784,-0.0761656935417589
"516",516,102,0.000214191647047244,-0.190540837746283,0.288469311788255,0.232192026387184,0.479010149534538
"517",517,200,0.00566671322319517,0.0697205461000401,0.335561952823782,0.395908112777825,0.265841406723742
"518",518,42,0.134705559085909,0.242922083836344,0.507518919575486,0.295641061012426,0.264596835739142
"519",519,70,0.501975423113543,-0.0104577984334667,-0.0113152343050283,0.216820777635368,-0.00085743587156154
"520",520,182,4.99434326935596e-14,-0.0403265141684642,0.784417163907625,0.718616691370623,0.824743678076089
"521",521,44,0.084925882173011,-0.230714301440936,0.0586368982770532,0.0618177027503951,0.289351199717989
"522",522,96,0.207724221711701,-0.0943071606276569,0.0193712995224868,0.020661745755746,0.113678460150144
"523",523,158,0.618338956206192,0.0795995783186453,0.0464647413200339,0.0100643517791081,-0.0331348369986114
"524",524,84,0.000118899591404307,-0.0721870587018529,0.526886696052361,0.306911096505048,0.599073754754214
"525",525,54,0.720269117176909,0.174618559207297,0.0725629986833758,0.0448774403855843,-0.102055560523922
"526",526,62,0.333632980888685,-0.00886784966455243,0.0677779054489538,0.106337290880985,0.0766457551135063
"527",527,50,0.116818231615826,0.00381240405912198,0.24230385198786,0.244213793180695,0.238491447928738
"528",528,48,0.0112448590428476,-0.176940323480562,0.290175540814664,0.410322194255187,0.467115864295226
"529",529,200,0.00789582732848459,-0.126541741438558,0.103879000300052,0.00267902191974324,0.23042074173861
"530",530,126,5.79830639327013e-05,-0.0764538379344747,0.433453738821157,0.39423375557667,0.509907576755632
"531",531,68,0.00294093446310937,-0.0145820505931857,0.477293420305489,0.300211661978676,0.491875470898675
"532",532,28,0.138290992050773,-0.0422438253801096,0.290575930325475,0.372064365096648,0.332819755705584
"533",533,16,0.106512613642734,-0.183285990317039,0.189174902784258,0.249125011457441,0.372460893101297
"534",534,40,0.0577859904864887,-0.044273056330859,0.308240835939957,0.400076917892456,0.352513892270816
"535",535,138,0.254185283184709,0.0623790609471812,0.143768774372776,0.156018494356864,0.0813897134255952
"536",536,74,0.000799030844172621,-0.214374712768933,0.368302252350747,0.362902511181862,0.58267696511968
"537",537,54,0.783080354242401,0.180390782549747,0.0212190712736708,0.0207376108963112,-0.159171711276076
"538",538,30,0.0430976254833625,0.122178206936978,0.551530251060409,0.483318515225994,0.429352044123431
"539",539,136,0.00358740950701962,-0.0284365206322558,0.29153809135227,0.0870431332874865,0.319974611984526
"540",540,34,0.0756812341429901,-0.183412957082466,0.160649724747502,0.229679678283608,0.344062681829968
"541",541,98,0.667172375714638,-0.109511177133379,-0.178717623440201,0.137952926301558,-0.0692064463068219
"542",542,24,0.0815373960435082,-0.123370815538597,0.306307449210649,0.338695233115495,0.429678264749246
"543",543,82,0.478937683335209,0.00554420691237892,0.0143741069682847,0.197028610197115,0.00882990005590574
"544",544,40,0.0311249632749805,-0.286927655569467,0.197169330891465,0.390645358969566,0.484096986460932
"545",545,96,0.103497789264761,0.0947763942864637,0.282001099685343,0.182898972110693,0.187224705398879
"546",546,58,0.00364730858264894,0.163157452650924,0.635063810338912,0.538819760032747,0.471906357687988
"547",547,30,0.104629310975003,-0.271304556703201,0.114265805686886,0.289664570267394,0.385570362390087
"548",548,124,0.00745561625291271,-0.125224374042094,0.162820219651311,0.151292120791585,0.288044593693405
"549",549,24,0.0307619598564418,0.0316455044851567,0.535133346699552,0.472280615183927,0.503487842214396
"550",550,68,0.132497443010477,0.125818364091147,0.329388732235635,0.24241036220725,0.203570368144489
"551",551,38,0.00569475423318922,-0.0779205981280327,0.504831290265347,0.377330384343588,0.58275188839338
"552",552,42,0.170731200228844,-0.2929739181782,-0.0917289544222216,0.0466818605791538,0.201244963755978
"553",553,80,0.877039170701824,0.0689507163720865,-0.104120087628201,0.0242476258654202,-0.173070804000288
"554",554,50,0.0352029706384945,-0.137175479640714,0.192206514656764,0.122281716270209,0.329381994297479
"555",555,98,0.134858279159446,-0.0820547758804733,0.0885384756304804,0.0661088294301343,0.170593251510954
"556",556,80,0.176976853117143,0.046588944415438,0.213036946298112,0.183701083136091,0.166448001882674
"557",557,100,0.000188167922725665,-0.0673785770202706,0.415170751688188,0.391799399491771,0.482549328708459
"558",558,42,0.213761879533986,0.0388958558272193,0.209946455183223,0.163917380981495,0.171050599356003
"559",559,60,0.245475780103735,-0.0111253018527896,0.10337380959283,0.240766840044024,0.11449911144562
"560",560,108,0.000875590820124049,-0.141658373265034,0.295462132055861,0.27194896360418,0.437120505320895
"561",561,52,0.0629895745818798,0.186291761400023,0.495078955456423,0.648607038834305,0.3087871940564
"562",562,66,0.449924104043304,0.184960829334126,0.208231123110988,0.158461018640527,0.0232702937768615
"563",563,44,0.308490662447442,0.269282963711636,0.369563732593963,0.288067235194395,0.100280768882327
"564",564,96,0.0616140429045096,-0.0739224060805278,0.153469172468774,0.00434159054733434,0.227391578549302
"565",565,144,4.24045866570259e-05,0.133918887625434,0.606993029769879,0.576194759786852,0.473074142144445
"566",566,42,0.0377142387980535,0.108249519227574,0.577426293803734,0.544208484934532,0.46917677457616
"567",567,22,0.126369935884778,0.00627985538144769,0.360985923508757,0.289795755789697,0.354706068127309
"568",568,40,0.0135628601171131,0.109254601940266,0.635578231981854,0.510883252947773,0.526323630041587
"569",569,64,0.147428215238681,-0.000367959105937906,0.199482535199848,0.306734108720778,0.199850494305786
"570",570,40,0.151131192195202,0.047141999700505,0.289308065742912,0.292292145407081,0.242166066042407
"571",571,44,0.0550442164252823,0.147417506702451,0.489285770641946,0.276213418392283,0.341868263939494
"572",572,200,0.00452295995473151,-0.0614270680397464,0.193786880580643,0.0919013125587115,0.25521394862039
"573",573,50,0.801527507792814,0.187051499300576,0.0060167562361673,0.0986658561083063,-0.181034743064409
"574",574,86,0.0129349851168694,0.024425099931144,0.363016399522248,0.147909901565018,0.338591299591104
"575",575,200,3.75960181549088e-06,0.078922406726114,0.546404437696543,0.365019301707682,0.467482030970429
"576",576,68,0.454819262545889,0.130067915166125,0.148278487650024,0.109857612715793,0.0182105724838984
"577",577,200,0.00851704663253787,-0.0313705005021813,0.20594947008225,0.214327930632346,0.237319970584431
"578",578,58,0.340776491806639,-0.0154197746047415,0.0558717473877756,0.0335083693123239,0.0712915219925171
"579",579,42,0.0237118790927276,0.169256747502135,0.6496569933733,0.626514676812437,0.480400245871165
"580",580,46,0.220586976203649,-0.058780848156332,0.0685091187137378,0.00728591045391892,0.12728996687007
"581",581,72,0.0213831932743043,-0.109018446246914,0.191793373853447,0.290719546746298,0.300811820100361
"582",582,22,0.0316804171128085,-0.18752159219905,0.565237690350729,0.466875681927385,0.752759282549779
"583",583,74,0.00313791901734884,-0.200882911612399,0.236945562112316,0.336453121549615,0.437828473724715
"584",584,82,0.000125587092046712,-0.10548618693829,0.475324038681271,0.455064222953461,0.580810225619562
"585",585,40,0.233255241824563,0.17546683016512,0.333959073109756,0.398024090117689,0.158492242944637
"586",586,94,0.00729102953717039,-0.126873467503518,0.228883996179392,0.201655208443548,0.35575746368291
"587",587,34,0.0019794540036839,-0.268178135426397,0.501009741048979,0.589804754716006,0.769187876475376
"588",588,64,0.0990775621755731,-0.0233716794758492,0.197150989932418,0.327344534963002,0.220522669408267
"589",589,72,0.000467908577120851,-0.0524735556651347,0.519045840237308,0.331802952936473,0.571519395902442
"590",590,62,0.441211409542794,0.031939592482648,0.0543055803496034,0.0242013465601923,0.0223659878669554
"591",591,94,0.00138352285606877,-0.0292617863271821,0.413882728114106,0.0746529971199009,0.443144514441288
"592",592,200,0.0607785238112901,0.0516247142590864,0.202511277291988,0.148039883795215,0.150886563032901
"593",593,110,0.0214341375398824,-0.0996028354691063,0.167160236920101,0.182236733023676,0.266763072389207
"594",594,106,0.0676927687868846,-0.094076218324103,0.105410406452418,0.127547110216317,0.199486624776521
"595",595,42,0.291294782519467,0.0398867910336599,0.171461073196088,0.240502421053235,0.131574282162428
"596",596,188,0.0026765453565145,-0.0164295938639396,0.272898529061561,0.329185015995422,0.289328122925501
"597",597,50,0.0678423487841672,-0.194462852235112,0.117589135063076,0.100674707585885,0.312051987298189
"598",598,200,0.409757505617132,0.0707446946872154,0.0947498215344302,0.101551109524311,0.0240051268472148
