"","rep_no","totalN","p_value","mean_control","mean_treatment","ES_true","d_emp"
"1",1,20,0.147371307294033,0.238812275717561,0.710323112468647,0.602097430604054,0.471510836751086
"2",2,15,0.0842522112909678,0.535284133933495,0.0473787019332442,0.283620927678266,-0.487905432000251
"3",3,17,0.431321553188415,-0.0256353017906522,0.232045979773385,0.349964028727004,0.257681281564037
"4",4,20,0.155331944433675,0.467332613701391,-0.00778914949146473,0.0416613374607532,-0.475121763192856
"5",5,8,0.83709226949597,0.574026014926847,0.435029976543858,0.710599315791071,-0.138996038382989
"6",6,13,0.255735340958746,0.191283159705498,0.627885524817052,0.687039153435652,0.436602365111553
"7",7,9,0.52345763128377,0.260211465805725,0.688424531556857,0.470715490295086,0.428213065751132
"8",8,22,0.862118078822507,-0.0279862174495855,0.0307762171607436,0.130192064668557,0.0587624346103291
"9",9,15,0.778126734977978,0.160258542136652,0.0618272834705758,0.267079679410935,-0.0984312586660766
"10",10,11,0.945934727690429,0.063133956036225,0.0848013698030533,0.151523630931591,0.0216674137668283
"11",11,17,0.357732982177367,-0.0626393016905633,0.216333105836824,0.356795879054561,0.278972407527387
"12",12,12,0.319293229495893,0.26538361094075,0.771551342109705,0.557633423018686,0.506167731168954
"13",13,15,0.0973268602870218,0.178413350745862,-0.466939938313562,0.112164382101261,-0.645353289059423
"14",14,19,0.591455752405894,0.409872394596594,0.235311640406078,0.324874323190688,-0.174560754190516
"15",15,33,0.301006036567901,0.260074598577146,-0.00466373481369089,0.0739667272245443,-0.264738333390837
"16",16,14,0.0714212376331908,0.217407543559678,0.981074715400933,0.546562136775657,0.763667171841254
"17",17,14,0.37479817256694,-0.0124624811296331,0.308575813882124,0.461903748843846,0.321038295011757
"18",18,19,0.0143193857176786,-0.154598973863686,0.540380334817378,0.170404294136399,0.694979308681064
"19",19,16,0.929142374672087,0.129734837562024,0.157536212198006,0.157435774971298,0.0278013746359819
"20",20,15,0.0778779362104143,-0.0495684056654644,0.670087041993388,0.464567412428326,0.719655447658852
"21",21,22,0.469581981923814,0.0210862312985937,-0.172139151018187,0.180410388796504,-0.193225382316781
"22",22,23,0.423805660961822,0.261535332858144,0.515199599174353,0.349811643978837,0.253664266316209
"23",23,20,0.371263587044114,-0.176468327173827,0.124717874884635,0.25471656267233,0.301186202058461
"24",24,13,0.169294466325103,-0.511970675935556,-0.00033738563414135,0.278121878289,0.511633290301414
"25",25,12,0.779574400491342,0.121739607581379,0.0169003641396625,0.295056452728957,-0.104839243441716
"26",26,14,0.282503482835611,-0.332841962037333,0.14316819754604,0.198602849866863,0.476010159583373
"27",27,28,0.911023131487588,0.089291210705307,0.114642674330479,0.0762397513767362,0.0253514636251718
"28",28,34,0.775534708690959,-0.0923615683728473,-0.0172492360791725,0.0307986859123754,0.0751123322936748
"29",29,13,0.028193708094367,0.0475616258648232,0.874895559466731,0.449368440744913,0.827333933601908
"30",30,21,0.288878181514874,0.202634970017547,-0.152572765510555,0.0226402613360659,-0.355207735528102
"31",31,10,0.897801371512694,0.129637280614443,0.201963558529376,0.451266270331451,0.0723262779149325
"32",32,28,0.495260679088724,-0.304271818120376,-0.140739736850738,0.00452078918406008,0.163532081269638
"33",33,9,0.205432113720464,0.928636269908824,0.00470579561459639,0.511729627553088,-0.923930474294227
"34",34,20,0.979882189803733,0.0582950627971441,0.0663830013608267,0.0279648976212055,0.00808793856368266
"35",35,18,0.747153091853595,0.330890716897466,0.24247566600205,0.223925442563383,-0.0884150508954152
"36",36,14,0.877409649987389,0.507243875526647,0.564914868337785,0.429001966569084,0.0576709928111381
"37",37,16,0.0881393411453113,0.0971805373082525,0.645867006321164,0.575169828721342,0.548686469012911
"38",38,12,0.113662969131349,-0.122061320008443,0.494415966767625,0.592810668015106,0.616477286776068
"39",39,37,0.209271656873591,-0.239595714752971,0.0641023026942649,0.0222583646946913,0.303698017447236
"40",40,19,0.00128595051170047,-0.61859668832901,0.366124212398962,0.535447644489484,0.984720900727972
"41",41,15,0.318304418351203,-0.151378778139223,0.19285685658495,0.320812626996131,0.344235634724174
"42",42,16,0.0117396791175507,-0.695258439429897,0.646510100200636,0.470677101333143,1.34176853963053
"43",43,24,0.932751220664062,-0.0252394376066976,-0.0516211384119804,0.0619155892674006,-0.0263817008052828
"44",44,18,0.00724893281772927,-0.0590347640329243,1.10171004147789,0.359725667989842,1.16074480551081
"45",45,15,0.0390349915056827,-0.104710589570877,0.544101997693794,0.537779040151833,0.648812587264671
"46",46,26,0.101528851807317,-0.227549212029136,0.229466882519359,0.103652953999987,0.457016094548494
"47",47,28,0.774302924321944,0.164144949861567,0.0939624985149884,0.383775736480212,-0.0701824513465783
"48",48,18,0.525541051902561,-0.12328859011554,-0.306155695988316,0.0291964950720361,-0.182867105872776
"49",49,16,0.298180848347028,-0.183658124630666,0.242698856387169,0.394786429437714,0.426356981017835
"50",50,31,0.244530972231889,-0.119212986836717,0.157631572664322,0.104762454197256,0.276844559501039
"51",51,19,0.532195585130291,0.126532564876422,0.342887791401033,0.229086289437393,0.216355226524611
"52",52,15,0.414885815247431,0.152708875554019,0.449017421330426,0.239804061217119,0.296308545776407
"53",53,12,0.107889813624154,-0.117128854113703,0.508210309694989,0.404770093708124,0.625339163808691
"54",54,16,0.716116700883811,0.242940325241215,0.090939457613705,0.0437561352082332,-0.15200086762751
"55",55,20,0.9762640957939,0.184088433265071,0.174786896815141,0.281781390569006,-0.00930153644992954
"56",56,21,0.871873388321194,0.00551154935466797,-0.0489846814906489,0.160717415714931,-0.0544962308453169
"57",57,12,0.339729382814674,-0.100596636171458,0.199957680696235,0.254869435475071,0.300554316867693
"58",58,13,0.86088191005831,0.243239334495237,0.306778731830691,0.390168912671719,0.0635393973354533
"59",59,16,0.274216605614551,0.173240855999679,0.627055865945237,0.384053498435887,0.453815009945558
"60",60,63,0.0209217801678336,-0.0580822837132536,0.376771429910557,0.449963392682097,0.43485371362381
"61",61,12,0.987376629700171,0.109974331865048,0.102158786909324,0.291430939530864,-0.00781554495572453
"62",62,19,0.266363816473649,-0.186169376240832,0.199036512052135,0.406256898741174,0.385205888292967
"63",63,28,0.0276702558632356,-0.388711270597966,0.213926565823148,0.0952676236428039,0.602637836421113
"64",64,12,0.182612038370929,-0.338570801999703,0.211509045220324,0.0738046118568799,0.550079847220027
"65",65,14,0.267153316851056,-0.464202526353627,0.0224907183200005,0.0664525517180868,0.486693244673627
"66",66,25,0.0565110792048097,-0.00182087205825373,0.550407091974384,0.284480917721453,0.552227964032638
"67",67,13,0.0306723227609535,-0.447131940909069,0.48266982590516,0.655817497892491,0.92980176681423
"68",68,16,0.955098066884004,-0.047946132525468,-0.0286823336604283,0.15199368136702,0.0192637988650397
"69",69,16,0.535195525282768,0.0971751381883442,-0.14170563878742,0.311815987241225,-0.238880776975765
"70",70,20,0.566890074964279,0.346940885811291,0.189816718433843,0.045520090962474,-0.157124167377448
"71",71,11,0.407477429426929,-0.111742480398286,0.194820315352497,0.237128000843164,0.306562795750783
"72",72,10,0.0162944977863776,-0.329896639174242,0.726213190024351,0.688126865513223,1.05610982919859
"73",73,15,0.83142894140866,0.373169708201533,0.305258653519153,0.262125985680639,-0.06791105468238
"74",74,30,0.608783246848165,-0.317844425006601,-0.181278957336889,0.175946660596453,0.136565467669712
"75",75,9,0.0135787041613209,-0.495171719053826,0.670690087366424,0.217758530652143,1.16586180642025
"76",76,18,0.170520627701699,0.208597088771519,0.698213371546946,0.313646689614494,0.489616282775427
"77",77,21,0.976927947474438,0.000239884018107095,0.00858567564653222,0.343374187665298,0.00834579162842512
"78",78,27,0.158066008686169,-0.265336134421712,0.123500987858442,0.407500994676916,0.388837122280155
"79",79,30,0.0380012685786241,0.0362247674402262,0.558399575457356,0.473100639543238,0.52217480801713
"80",80,6,0.68827580909706,0.562367137878891,0.278094576868027,0.567123191437633,-0.284272561010864
"81",81,14,0.0934189765878469,-0.114065380177733,0.657821866832103,0.415513520104784,0.771887247009835
"82",82,24,0.517968553045336,-0.149819798555271,0.0439072819673667,0.27991227589647,0.193727080522638
"83",83,17,0.319806501935046,0.000746807125341553,0.412357084607848,0.394664847131215,0.411610277482507
"84",84,29,0.002043874519754,-0.164359942151598,0.415411931403371,0.12568200278381,0.579771873554969
"85",85,10,0.0428699842665013,-0.365193989079871,0.704386568732198,0.599676272987809,1.06958055781207
"86",86,9,0.0971272322967196,-0.253636341663726,0.485760344744347,0.192145259254324,0.739396686408073
"87",87,20,0.188870897144352,0.165182561516765,-0.24083891291652,0.0675033976856905,-0.406021474433285
"88",88,14,0.0681407416915948,-0.0253753756841622,0.611610111673677,0.416609534550723,0.636985487357839
"89",89,17,0.412329657413743,-0.0760527636111171,0.16798145959995,0.218790408458252,0.244034223211067
"90",90,28,0.0148717677603148,-0.0758548133756823,0.565435867452047,0.703772645081815,0.64129068082773
"91",91,24,0.828266799770308,0.0772131408559146,0.00921884414017111,0.24177093079983,-0.0679942967157435
"92",92,9,0.98030904239772,0.183277410911163,0.193182872571616,0.0847531659576532,0.00990546166045336
"93",93,41,0.313018719321285,0.191682841480473,0.402812983261442,0.415024816372067,0.211130141780969
"94",94,22,0.372383645740412,0.0368292197691303,0.32437878177557,0.0291131564975183,0.287549562006439
"95",95,29,0.910642281446382,0.123503085747364,0.094310032898733,0.00279349564758097,-0.0291930528486312
"96",96,17,0.0370163238367207,-0.162656209098818,0.5204075403905,0.109391780075593,0.683063749489318
"97",97,18,0.708895562739215,-0.321270769213496,-0.422562355799367,0.0495053081120608,-0.101291586585871
"98",98,24,0.000739504484842128,-0.0294329406266348,0.878309287325685,0.658117813031552,0.907742227952319
"99",99,16,0.773576152521088,0.0325815564525106,0.127406777254246,0.317209189535385,0.0948252208017356
"100",100,11,0.0415485008081547,-0.230248543180358,0.651474667279028,0.602799530635388,0.881723210459387
"101",101,17,0.142284761468389,-0.0724046763696124,0.409792668891781,0.33183544443448,0.482197345261393
"102",102,10,0.819557349631137,0.489032463628703,0.356430670633173,0.492585607281691,-0.13260179299553
"103",103,11,0.954196374256268,0.399168499082519,0.419048928060091,0.428747552379445,0.0198804289775711
"104",104,32,0.0559438830178623,-0.0542903847823779,0.454430764847497,0.557990075686377,0.508721149629875
"105",105,21,0.093718401381553,0.0994238050693483,0.620175434020856,0.621890346251732,0.520751628951508
"106",106,32,0.805836538632521,-0.0902348875962114,-0.0244114065845229,0.18745099254723,0.0658234810116885
"107",107,21,0.952858630268383,0.121017082863769,0.14052146281255,0.0100166828032106,0.0195043799487806
"108",108,29,0.280218036889439,-0.0846939508504243,0.20440998815002,0.0763305344869143,0.289103939000445
"109",109,9,0.0797870694126585,-0.528701251638441,0.289573118582613,0.264073970508533,0.818274370221054
"110",110,11,0.755889918224015,0.256052457672324,0.43260522704982,0.635141688420629,0.176552769377496
"111",111,8,0.00992202984486706,-0.189364337500224,1.14737140222106,0.629619214719256,1.33673573972129
"112",112,20,0.443251925317387,0.0548969121824911,0.28080516830606,0.37929632502434,0.225908256123569
"113",113,14,0.461297028154713,-0.0655446755216855,0.224148127701006,0.176086314423558,0.289692803222692
"114",114,17,0.46159748094277,0.150257171926103,0.411502679689758,0.427703337674647,0.261245507763655
"115",115,77,0.559733901288841,0.0605871233275767,0.159500291990453,0.164106500085905,0.0989131686628761
"116",116,14,0.0112424556186965,-0.607916353730735,0.538529275699942,0.270990265529974,1.14644562943068
"117",117,11,0.877809969858003,0.243313819241814,0.171497162527696,0.429560333021287,-0.0718166567141185
"118",118,16,0.907986577489512,0.199610050266041,0.150565936085545,0.287314269992262,-0.0490441141804953
"119",119,12,0.314650356378201,0.912718904568414,0.428654046922516,0.092689329726988,-0.484064857645898
"120",120,15,0.447402499641033,0.222399383488547,-0.0508130806364008,0.343328342276808,-0.273212464124948
"121",121,14,0.352649449804019,0.200121262991694,0.574445136875874,0.242793394915831,0.37432387388418
"122",122,17,0.642076015264315,-0.0901225088075843,0.0569274573174383,0.267555654843621,0.147049966125023
"123",123,31,0.0332224430650416,-0.287896239525444,0.23772658218338,0.417654539846147,0.525622821708824
"124",124,9,0.653598543362415,0.121414656280085,0.327966900832583,0.162378321291562,0.206552244552498
"125",125,31,0.212762708746098,0.0205243552376278,0.359557273634745,0.32362883063542,0.339032918397117
"126",126,15,0.147950810258598,-0.251705292394259,0.19036609175294,0.340254290074398,0.442071384147199
"127",127,11,0.586279276775712,-0.458273342965898,-0.13899903341254,0.117076036653758,0.319274309553358
"128",128,19,0.315764956124972,0.317597501721812,0.613915623210539,0.218731847116012,0.296318121488728
"129",129,10,0.0981851798284056,0.535604988410247,-0.12980477541536,0.064551206452866,-0.665409763825607
"130",130,16,0.889597526068206,0.0119347586991169,-0.0325846110993794,0.0876645594966398,-0.0445193697984963
"131",131,20,0.261515021314663,0.0144953220873167,0.347950042957206,0.316682863197547,0.333454720869889
"132",132,18,0.0957320486459559,0.165240510676422,0.739599411056587,0.130463654021271,0.574358900380166
"133",133,11,0.918710892514661,-0.265223372785844,-0.304191551384248,0.111629956355313,-0.0389681785984037
"134",134,17,0.907079002960708,-0.0630212307772031,-0.0226028729839379,0.0269335925339734,0.0404183577932652
"135",135,18,0.203802534976011,0.544818837418599,0.132578303401557,0.196655782149007,-0.412240534017042
"136",136,10,0.0517934368518386,-0.0550533009347928,0.823811782583798,0.599462178777412,0.878865083518591
"137",137,10,0.28997161830559,-0.278311003778159,0.164790420574611,0.318864099508101,0.443101424352771
"138",138,22,0.160619566862919,-0.104134328372269,0.413753303471866,0.309551879189952,0.517887631844135
"139",139,17,0.00140256299154804,-0.350827435647651,0.937793880538424,0.520998972447541,1.28862131618607
"140",140,23,0.43918361157718,0.169327259333338,0.431317005600108,0.178958500887298,0.26198974626677
"141",141,9,0.651183952539733,0.00232257707863214,0.220990183327322,0.156852815387978,0.21866760624869
"142",142,5,0.0566511545974777,-0.965319274368174,0.467955649606798,0.611755355054924,1.43327492397497
"143",143,19,0.937723556580362,1.51009204241097e-05,0.0246120607971695,0.0959446402711179,0.0245969598767454
"144",144,12,0.00954932249368042,0.0807885922724494,0.94714387952367,0.700952130900727,0.86635528725122
"145",145,14,0.843425846000629,0.10932973165705,0.0320153120926556,0.346726083703122,-0.0773144195643944
"146",146,11,0.697257500695674,0.0399397495407228,0.22819683040409,0.100714832005353,0.188257080863367
"147",147,28,0.0662365169979181,0.169344022585202,-0.290376089280136,0.0423231285724585,-0.459720111865338
"148",148,13,0.795280803598703,0.122038189288678,0.235046109617277,0.160052109355228,0.1130079203286
"149",149,14,0.362005839855514,-0.0483839777367256,-0.369990654504882,0.187340304954274,-0.321606676768157
"150",150,20,0.753993344407866,0.0338608429153865,0.136880006410032,0.110617926671099,0.103019163494646
"151",151,38,0.739477418343806,0.329236664810601,0.249499135216782,0.0399556954477327,-0.0797375295938191
"152",152,11,0.279561708891972,-0.41455577314727,-0.0575817741050197,0.263103917994345,0.35697399904225
"153",153,23,0.346623989952917,0.00205682459466646,0.276530392384138,0.209421919329402,0.274473567789472
"154",154,12,0.849051255951799,0.232682132291664,0.16283169188709,0.388370528931136,-0.0698504404045742
"155",155,15,0.343066304194109,-0.0515918015506872,0.344221209827263,0.317000760897316,0.39581301137795
"156",156,12,0.62099099442676,0.111330980115495,-0.0803329726550457,0.595075844275171,-0.191663952770541
"157",157,18,0.0528128979499547,-0.126622896099578,0.449777644924671,0.139272424121241,0.576400541024249
"158",158,13,0.433338786177834,0.179909664177685,-0.114662972889938,0.255019510454546,-0.294572637067623
"159",159,12,0.050598593522217,-0.305882210940201,0.460373516000366,0.517334281660676,0.766255726940567
"160",160,23,0.39625016945434,0.0186764751442341,0.292643105478948,0.0474394018091076,0.273966630334714
"161",161,23,0.0589366964095462,-0.0351024145137994,0.591923403426679,0.214137040665631,0.627025817940479
"162",162,16,0.332880169496905,-0.154574860782042,0.208408074907247,0.203023076304369,0.36298293568929
"163",163,15,0.450549189296139,0.353802687858972,0.599092749762454,0.553531103751492,0.245290061903482
"164",164,19,0.348550838924188,-0.0630016392968001,0.214557617080301,0.0966741993135452,0.277559256377101
"165",165,12,0.578479720307038,0.142149325963605,0.409671612386797,0.602332771790927,0.267522286423192
"166",166,18,0.982304782533315,0.000239818280464445,-0.00660970604290966,0.207306787204646,-0.00684952432337411
"167",167,14,0.0458012175504035,-0.342093965417888,0.430135002891829,0.277453068881127,0.772228968309717
"168",168,11,0.66546897407344,0.559205734734585,0.746048703498415,0.660177699091517,0.18684296876383
"169",169,18,0.334237650981909,0.117310480897619,0.439706666317561,0.679856831270951,0.322396185419942
"170",170,9,0.955220931282452,-0.155603185516815,-0.131162322924172,0.290541247829599,0.024440862592643
"171",171,17,0.014417216936938,-0.151985764925034,0.593818646966578,0.604383501102986,0.745804411891612
"172",172,23,0.421340075596098,-0.126016704964169,0.14292937320078,0.176904441652323,0.268946078164949
"173",173,19,0.0118262447422564,-0.0854652360193585,0.851592080409868,0.697780321746925,0.937057316429227
"174",174,9,0.0781300416623605,-0.168013490856197,0.552870377331503,0.352370862881822,0.7208838681877
"175",175,10,0.961891486966775,0.237088212435612,0.211867704264924,0.444286445953966,-0.025220508170688
"176",176,22,0.946879094498412,0.319355867431099,0.297364110349059,0.0951930430615308,-0.0219917570820402
"177",177,16,0.00350039802171872,-0.368628688926346,0.605091208030621,0.452159669870386,0.973719896956966
"178",178,13,0.132881761852993,0.00485203696159284,0.49353893760076,0.193311603418503,0.488686900639167
"179",179,16,0.428132309650578,-0.381635963329743,-0.0459298190157098,0.383461951837439,0.335706144314033
"180",180,16,0.0774840297398959,-0.315472059149393,0.29078959844067,0.119475671285186,0.606261657590064
"181",181,16,0.88227921207922,0.225807764628379,0.166846162740033,0.315598538683721,-0.058961601888346
"182",182,21,0.241416545967904,0.196450018706808,0.599417705672005,0.135466005620086,0.402967686965197
"183",183,21,0.300843428644474,-0.125452450753362,0.198659176669113,0.125157448709456,0.324111627422475
"184",184,18,0.180964989086933,0.101725548210919,0.53333970370054,0.33614563980331,0.43161415548962
"185",185,22,0.832289297764535,0.239444623083579,0.293060231320218,0.140297816142736,0.0536156082366389
"186",186,14,0.00169954622995259,-0.033638537675858,1.09931111307493,0.516123893823192,1.13294965075079
"187",187,15,0.738754626682453,-0.405242293981938,-0.28555289667561,0.21312191417977,0.119689397306328
"188",188,22,0.766036683742641,0.0225215405880885,-0.0661421026823142,0.206272216313025,-0.0886636432704026
"189",189,19,0.919940017816366,0.0276477240562139,0.0571937255611453,0.338722550815753,0.0295460015049314
"190",190,12,0.166526236147175,-0.208477620239975,0.419009021152856,0.391578078042304,0.62748664139283
"191",191,19,0.0886605193814823,-0.0459576216173717,0.487186594969687,0.229129483228565,0.533144216587058
"192",192,11,0.555039122694462,-0.0194767369244261,-0.244433480383372,0.20237382930091,-0.224956743458946
"193",193,15,0.860706487159796,0.0642540147448101,0.00078465150266327,0.146170381659934,-0.0634693632421469
"194",194,14,0.315678617444904,0.205574632620923,-0.113001786450517,0.134333177796124,-0.318576419071441
"195",195,26,0.513258444483248,0.0964930145769415,0.290790100594716,0.101721241060828,0.194297086017775
"196",196,9,0.0465437406305216,-0.342474839853904,0.71550879425551,0.613243023669789,1.05798363410941
"197",197,15,0.0989467451747195,-0.573532516983419,0.00014041348107437,0.149398141745509,0.573672930464493
"198",198,17,0.48707782800691,-0.0228718903385872,-0.221879095047595,0.144220942251266,-0.199007204709007
"199",199,11,0.383058419998136,0.0313423908545289,0.378492246766675,0.224087232748256,0.347149855912147
"200",200,11,0.880887680095418,0.0116955454411788,0.0765525371248202,0.233479496824868,0.0648569916836414
"201",201,21,0.0323363368790624,0.0986137823316382,0.825491452239549,0.424329939698157,0.726877669907911
"202",202,13,0.767049538053702,0.169617824048098,0.062247733568456,0.333131943506071,-0.107370090479642
"203",203,20,0.0143339617671825,-0.323272166511866,0.496101755620626,0.0982358895623512,0.819373922132492
"204",204,25,0.149338629164312,-0.107501468672004,0.259344581508653,0.191984855694678,0.366846050180657
"205",205,21,0.788896657249657,0.198802850775197,0.280305151742283,0.0188727926541283,0.0815023009670859
"206",206,18,0.319885204049674,-0.172768861438955,0.107667760968841,0.0966346502163394,0.280436622407795
"207",207,22,0.00883661954243169,-0.405095803945261,0.338206461273448,0.572540164714943,0.74330226521871
"208",208,47,0.000301124912317605,-0.20122330603487,0.531228581675988,0.300932706399228,0.732451887710858
"209",209,17,0.830660517244969,0.136480663739962,0.0651607338209263,0.164476733908911,-0.0713199299190357
"210",210,13,0.956433741023345,0.379799143276735,0.408896418237725,0.365878272593392,0.0290972749609905
"211",211,20,0.987490437842594,0.235882818286835,0.231743149739948,0.0430711911921135,-0.00413966854688752
"212",212,6,0.723705832624764,-0.039829331213174,0.170645613635176,0.336452094518328,0.21047494484835
"213",213,10,0.285573175739153,0.124428121390302,-0.242871246683853,0.107824746120318,-0.367299368074155
"214",214,17,0.902000398927718,0.0976173495755558,0.144197475054759,0.499202251740868,0.0465801254792031
"215",215,8,0.861074736467133,-0.0262780771493238,-0.117219158162943,0.191683495815598,-0.090941081013619
"216",216,22,0.141834965768604,-0.541853834194253,-0.102246268744335,0.0489182232075322,0.439607565449918
"217",217,14,0.0235934256534193,-0.338065600423216,0.50005648642598,0.445620472627465,0.838122086849196
"218",218,13,0.425121855963166,0.0113824518159748,0.275022560095111,0.715335336086359,0.263640108279137
"219",219,13,0.0413225980823956,-0.420994404945991,0.511149886884605,0.300814220986803,0.932144291830596
"220",220,11,0.0933910134891904,-0.342600290243022,0.441369903219654,0.287924172909799,0.783970193462676
"221",221,10,0.694442693869124,0.0304861521773601,0.238512107429392,0.308833297305907,0.208025955252032
"222",222,10,0.108208050782792,-0.481840898845587,0.281048867877687,0.0802910736675702,0.762889766723274
"223",223,24,0.307221584678855,-0.113645588616666,0.154012783738583,0.247242926168038,0.267658372355249
"224",224,19,0.0947222467689234,-0.336712694352338,0.198053782443592,0.174681023461255,0.53476647679593
"225",225,20,0.197397419293182,0.0560582426570124,0.383668818960438,0.340272832076855,0.327610576303426
"226",226,27,0.804370825711358,0.0640894527652831,0.0022400266884955,0.492973858708124,-0.0618494260767876
"227",227,17,0.70928868457047,0.21616579933005,0.366210780710726,0.588278908695529,0.150044981380676
"228",228,13,0.217578548370575,0.259674750494957,-0.201104881776526,0.11900828971003,-0.460779632271483
"229",229,22,0.605977458038883,0.0509582565797433,0.20093520067767,0.378298791552893,0.149976944097927
"230",230,11,0.918980296898709,0.0265935964005838,-0.0221270279948119,0.469948425115717,-0.0487206243953957
"231",231,18,0.0758983418013808,-0.236500792987872,0.425189711189729,0.297723585558269,0.661690504177601
"232",232,14,0.95283584516778,-0.0640208101686724,-0.0408345929023788,0.331158428763018,0.0231862172662936
"233",233,8,0.376832277241603,0.300998501118821,0.698141193658371,0.53567811254154,0.397142692539549
"234",234,28,0.894294831825679,0.324939227196542,0.28273420450214,0.41493061715005,-0.0422050226944018
"235",235,17,0.362574165135945,-0.0691884041940903,0.288907657022341,0.33306708103834,0.358096061216431
"236",236,14,0.550797155627484,0.364739013561366,0.148800855555122,0.101864817261705,-0.215938158006244
"237",237,20,0.694364703943075,0.282021828280319,0.15781397074001,0.0299062617643314,-0.124207857540309
"238",238,9,0.254492377758535,-0.749892582431855,-0.0789224956312931,0.0681346297724304,0.670970086800562
"239",239,18,0.156681214833583,-0.151822839090063,0.324267067495323,0.314029344579327,0.476089906585386
"240",240,15,0.697468857097907,0.00022507457968665,-0.134786850385583,0.0786657472117357,-0.13501192496527
"241",241,17,0.743332353961146,0.23481655892718,0.356887941389382,0.0258887941664254,0.122071382462202
"242",242,18,0.322467230257597,0.089005248599393,0.472951035858434,0.724429623443107,0.383945787259041
"243",243,14,0.538788627305881,0.145439401864094,-0.158736726257714,0.226090025376156,-0.304176128121808
"244",244,12,0.00833317619678633,-0.336621513683965,0.930860793379654,0.455867986369247,1.26748230706362
"245",245,9,0.376862391921388,0.155162312464097,0.503632541897826,0.441592857438453,0.348470229433729
"246",246,8,0.306176001156978,-0.126715351640035,0.464190532323418,0.139324121984877,0.590905883963453
"247",247,24,0.56639414633754,-0.0202898761189719,0.178946682813027,0.107271081468548,0.199236558931999
"248",248,14,0.618715079221833,0.127614315503467,0.328875602553605,0.225886208920267,0.201261287050138
"249",249,15,0.0357028025378654,-0.175051902001689,0.443128273038209,0.216496554346059,0.618180175039898
"250",250,10,0.00290802605240928,-0.724470012305319,0.379871674363279,0.454894139591005,1.1043416866686
"251",251,10,0.677160818927836,0.278609155445647,0.480222115273046,0.594728206625638,0.201612959827399
"252",252,13,0.510583334081778,-0.423446073982942,-0.0990534333766964,0.139807576114926,0.324392640606246
"253",253,15,0.0607615379691607,0.0855703045036638,0.61508738311596,0.551810702015624,0.529517078612296
"254",254,12,0.0142216112350807,-0.450092162606169,0.638635159506127,0.477227613394614,1.0887273221123
"255",255,25,0.36470151129329,-0.404662199342855,-0.114223110745731,0.0609679108344813,0.290439088597124
"256",256,10,0.383187758382823,-0.168868196158858,0.150475737081516,0.168236642703905,0.319343933240374
"257",257,25,0.560935811479004,0.112321909751289,0.263355952151647,0.226247386335773,0.151034042400358
"258",258,15,0.660776636695308,0.406883627200176,0.249866862494406,0.0386598723565128,-0.15701676470577
"259",259,13,0.726798319084908,0.156975204212829,0.287207064080327,0.241426821167523,0.130231859867498
"260",260,14,0.0121406547187606,-0.239344112380199,0.924824206301056,0.623813325937778,1.16416831868126
"261",261,11,0.186929955062524,-0.195054318548859,0.519391202698406,0.432972600583125,0.714445521247265
"262",262,26,0.115682001773126,0.366306945665899,0.713178843629976,0.614196422760673,0.346871897964077
"263",263,24,0.841855487252712,0.0369229592649675,0.0924469018626227,0.226252667262783,0.0555239425976552
"264",264,11,0.288885332370756,0.0718107160871645,0.526464483066752,0.0659631955979053,0.454653766979588
"265",265,39,0.822766317417231,0.0137620427015704,0.0631075032208103,0.0605830673626921,0.0493454605192399
"266",266,22,0.00154256300771185,-0.481221364033117,0.497034902899035,0.333772849594608,0.978256266932153
"267",267,14,0.735937067647487,-0.102606229950584,0.0296828121307282,0.222352332421564,0.132289042081312
"268",268,10,0.00221262033554919,0.12803242397473,1.13502305199279,0.79106136530651,1.00699062801806
"269",269,15,0.228536942066609,0.388560178355843,-0.0129742263052891,0.0800678628997061,-0.401534404661132
"270",270,18,0.779742478915527,0.584296876118996,0.499441688058369,0.516256364415042,-0.0848551880606267
"271",271,9,0.652896398765285,0.196248924757697,0.0424397358534531,0.145120645501821,-0.153809188904243
"272",272,21,0.0812139787267386,-0.423110779234588,0.146314246548033,0.302316436052908,0.569425025782621
"273",273,16,0.0593457656115302,-0.276867347928137,0.383289383593365,0.113271024638905,0.660156731521502
"274",274,24,0.55737556110974,-0.0249716624003439,-0.167851442402207,0.0652875907631487,-0.142879780001863
"275",275,12,0.628985333009575,-0.0463134038346359,-0.231459477276125,0.12627463321853,-0.185146073441489
"276",276,8,0.506896707628187,-0.0507542539914287,0.25132178464813,0.465168589531544,0.302076038639559
"277",277,13,0.515555674956357,0.531815186317446,0.281894816101003,0.307284226761787,-0.249920370216443
"278",278,24,0.0354323652276215,-0.0547831496676999,0.471211533434836,0.345106780382339,0.525994683102536
"279",279,9,0.539849916395158,0.490389265749704,0.0547109377794706,0.285442765776141,-0.435678327970233
"280",280,18,0.220651552652515,0.27960684087031,0.69617936708167,0.492538128396086,0.41657252621136
"281",281,13,0.810624788871468,0.279024381752569,0.382393532971293,0.23505346187166,0.103369151218723
"282",282,16,0.39738068239551,0.187061160871644,0.531386640733297,0.342603723973183,0.344325479861653
"283",283,15,0.701512750144291,-0.0125987403850102,0.140817325800038,0.108709676670338,0.153416066185048
"284",284,25,0.742114868459464,0.223147589921938,0.142817429039506,0.227487279577088,-0.0803301608824322
"285",285,21,0.493628482901627,-0.0457992284885181,0.190267159529189,0.0174565529272501,0.236066388017707
"286",286,32,0.402692222405432,-0.299633956173556,-0.082258525099026,0.100977504311228,0.21737543107453
"287",287,12,0.491214034015386,0.143904298740774,0.323818653252797,0.551677350043358,0.179914354512023
"288",288,12,0.0684865768586743,-0.0807132308570216,0.609000533086987,0.268931553838275,0.689713763944008
"289",289,14,0.0148535039829591,-0.227032552891707,0.889777097473717,0.520869846362683,1.11680965036542
"290",290,16,0.146708474349819,0.113000999267658,0.664002706258196,0.173627955458408,0.551001706990538
"291",291,10,0.877885004545456,0.0246456338093855,-0.0267389332122274,0.101292724078577,-0.0513845670216129
"292",292,14,0.0113408264816463,-0.0230309033040004,0.883457515325244,0.484454981046423,0.906488418629245
"293",293,11,0.368863758003573,-0.268421510451016,0.0802167314777701,0.464783689674647,0.348638241928787
"294",294,19,0.0806609138153441,0.110694983525701,0.628889762370804,0.32935170522444,0.518194778845103
"295",295,21,0.186706680097199,0.376350099140045,-0.0914602724319853,0.142193214750201,-0.46781037157203
"296",296,27,0.0256977354534374,-0.293433980822636,0.38907185788671,0.317762742466661,0.682505838709345
"297",297,22,0.285354047492571,0.170080763996941,0.517728296980906,0.366177716903257,0.347647532983965
"298",298,8,0.16846472405918,0.530229752093146,-0.291031835642467,0.175798141751573,-0.821261587735613
"299",299,12,0.426148092897636,0.256236253781465,0.609419146944508,0.694022923430903,0.353182893163043
"300",300,18,0.916674994974438,0.0456497732392767,0.0846357853281709,0.0886813442667645,0.0389860120888942
"301",301,17,0.207674208499994,0.110193502410377,0.539290322561273,0.221797179883289,0.429096820150895
"302",302,7,0.214310247721254,0.717818596447729,-0.123895318966868,0.205055964399095,-0.841713915414598
"303",303,17,0.247891052813205,-0.242029283224916,0.144606017283615,0.318940652375452,0.386635300508531
"304",304,26,0.141354247614722,-0.3665221089995,0.0117013218989462,0.202973842005267,0.378223430898446
"305",305,19,0.00499588847424073,-0.504844998741387,0.492554815602526,0.415431715156176,0.997399814343913
"306",306,14,0.767431848958763,0.324708624873854,0.197549108703161,0.192905413778796,-0.127159516170694
"307",307,16,0.772023746995522,0.0664327647466171,0.17320960202699,0.61130847115469,0.106776837280373
"308",308,13,0.875325516452995,0.492828047270036,0.430218990867277,0.35249718229379,-0.0626090564027591
"309",309,17,0.215819048879211,-0.0762736261531671,0.352871768306088,0.440113480712114,0.429145394459255
"310",310,19,0.237075058072984,-0.178689035557091,0.184952020805748,0.489593762207127,0.363641056362839
"311",311,9,0.0928670821231211,-0.556928573843651,0.412666559606895,0.196004607064996,0.969595133450545
"312",312,16,0.0309965427652622,-0.315581206966625,0.441196133190763,0.60614087997744,0.756777340157387
"313",313,19,0.019853056474614,-0.32973842025017,0.480489908204711,0.382462253203757,0.81022832845488
"314",314,13,0.109339416222586,0.14099223521231,0.701729024617691,0.228549937340523,0.560736789405381
"315",315,14,0.404622805721236,0.186620642976274,0.482730521978433,0.422050397883403,0.296109879002159
"316",316,13,0.483653686612281,0.239716222990148,0.55039146873083,0.24711942289193,0.310675245740683
"317",317,11,0.803370557761426,0.464516471793826,0.593607241818801,0.493144161326857,0.129090770024975
"318",318,10,0.407754102933441,-0.121756026463201,0.226923869960941,0.26756574371186,0.348679896424142
"319",319,17,0.697557408012111,-0.0142492084584972,-0.136477609539784,0.0138528732810569,-0.122228401081286
"320",320,25,0.346146159200598,-0.0671924736322114,0.20413405911801,0.299554949299537,0.271326532750221
"321",321,19,0.0465407700057877,-0.0114322895030177,0.604057749339823,0.44130463816211,0.615490038842841
"322",322,9,0.425174596271599,0.239880190436845,-0.14090740811286,0.0954280683456964,-0.380787598549705
"323",323,20,0.886868799196087,0.0530267457486267,0.10429955291338,0.0310951733339574,0.0512728071647532
"324",324,18,0.551335332228467,-0.0279732608317693,-0.238253285508826,0.0176661805064298,-0.210280024677057
"325",325,11,0.0745730713061405,-0.427319142221736,0.518922272724479,0.536978389873686,0.946241414946215
"326",326,15,0.542710589751742,-0.122380894720116,0.0650345760269894,0.0617052757657284,0.187415470747106
"327",327,17,0.675245883703385,0.0236228415501495,-0.115548897067766,0.284949616060217,-0.139171738617916
"328",328,10,0.446309925234526,-0.20262322198675,0.282297264104673,0.00196382009899897,0.484920486091423
"329",329,15,0.818033466357299,0.101103656415815,0.181969082379886,0.0102279537240891,0.0808654259640711
"330",330,18,0.87334362795155,-0.138449935266371,-0.202656182040707,0.174803221942452,-0.0642062467743361
"331",331,15,0.268357199774781,-0.0578353814853908,-0.46460635255284,0.0879921933939657,-0.406770971067449
"332",332,22,0.385640626248586,0.205095459179272,0.489376741442117,0.109534477025936,0.284281282262844
"333",333,20,0.814223830469579,0.200272754218901,0.25852857954817,0.169610850367991,0.0582558253292698
"334",334,15,0.0771222947172514,0.0884260889187421,0.631375086897544,0.0355418848999178,0.542948997978802
"335",335,16,0.653260705362802,-0.227987296534644,-0.0819283758011658,0.0417226975937547,0.146058920733478
"336",336,22,0.308841180270456,-0.241139534937602,0.0682124653415508,0.122791286449503,0.309352000279153
"337",337,12,0.686384930666085,0.368338623456761,0.153933412798079,0.137892568526129,-0.214405210658681
"338",338,17,0.749443390167033,0.442389546258089,0.54120637456535,0.458754966617042,0.0988168283072606
"339",339,19,0.0462221417706733,0.252666599264938,-0.339872372408254,0.0252966779116174,-0.592538971673192
"340",340,35,0.0967259187102537,0.023298315271985,0.401116565696958,0.198918899517181,0.377818250424973
"341",341,10,0.17709239379168,0.0488972905133641,0.635988324394284,0.126883647892194,0.58709103388092
"342",342,41,0.351451414405888,-0.192860191816171,0.0283059113823669,0.322292111335294,0.221166103198538
"343",343,17,0.44699036962804,-0.261201830400971,0.0074013902138973,0.0564396959753692,0.268603220614868
"344",344,31,0.726527120368807,0.0164568766492257,0.100962623558144,0.0194791634597461,0.0845057469089179
"345",345,16,0.000564225587124038,-0.722126139800041,0.689388727212897,0.343879595318001,1.41151486701294
"346",346,17,0.151611785606301,-0.176166568517278,0.280567600050842,0.0638804941227798,0.456734168568119
"347",347,20,0.173408652916907,-0.191784598987933,0.283340849390129,0.354549484663085,0.475125448378062
"348",348,16,0.443510359453836,0.439839563782322,0.204505812617642,0.234542096550709,-0.23533375116468
"349",349,19,0.420338891456581,-0.155477194551636,0.115400693639974,0.175042943705073,0.27087788819161
"350",350,27,0.521816260692648,-0.307533829129727,-0.130217975835383,0.227784664147067,0.177315853294343
"351",351,20,0.303876269792972,0.0180517559956929,0.363433048168143,0.277163610363542,0.345381292172451
"352",352,9,0.0367586564087222,-0.280771287289013,0.645003562993407,0.404409372289251,0.925774850282421
"353",353,16,0.419869172798719,-0.297085568503693,-0.0353280265821409,0.145982565956113,0.261757541921552
"354",354,18,0.0514203032653863,-0.305996209300982,0.327453007404929,0.209812827933726,0.633449216705911
"355",355,12,0.126741535778555,-0.233330911839586,0.398440604798523,0.195545979720431,0.631771516638109
"356",356,12,0.0162490591753202,-0.285954231805756,0.571657337455611,0.512782967392022,0.857611569261367
"357",357,10,0.613611350319334,0.350739047735218,0.631321360294097,0.864984193772334,0.280582312558879
"358",358,15,0.963124315053668,0.0881492795144648,0.071231534402958,0.170669579526335,-0.0169177451115069
"359",359,22,0.281630965623659,-0.0179155853668395,0.318844402952521,0.2097835362623,0.33675998831936
"360",360,9,0.946210602170938,-0.111172362507663,-0.133175344097337,0.053050346554606,-0.0220029815896739
"361",361,14,0.209570828525488,-0.153634767476228,0.375429483129597,0.09036672061923,0.529064250605825
"362",362,10,0.141052926543108,0.118808887506589,0.921755374296414,0.570576209074981,0.802946486789824
"363",363,23,0.171685580737499,0.00573765316148117,0.3469017417377,0.213813450931249,0.341164088576219
"364",364,16,0.186781080353835,-0.055173326695115,0.336873888628408,0.188446657028158,0.392047215323523
"365",365,15,0.319753287408724,0.424006152509375,0.0903046905424662,0.284384517456993,-0.333701461966908
"366",366,13,0.196500715619137,0.462638491589183,-0.0342734500591528,0.0812797193183462,-0.496911941648336
"367",367,17,0.132073106232761,0.128599382862703,0.668327920322093,0.392904302664279,0.53972853745939
"368",368,11,0.985233166987471,-0.380510037965256,-0.371560798260007,0.0331838508893354,0.00894923970524852
"369",369,20,0.800299347212974,0.58003769693044,0.650472802380236,0.313631415337418,0.0704351054497955
"370",370,22,0.252055513126609,-0.0752183767659288,0.279318508483089,0.222422780483689,0.354536885249018
"371",371,12,0.46400856940198,0.305174659355209,-0.0435692012735799,0.00587101204601428,-0.348743860628789
"372",372,17,0.442506635164696,-0.200191762160821,0.0939163506167358,0.235576957467183,0.294108112777557
"373",373,42,0.380041350808,-0.146251292765712,0.0456336730385162,0.172602881415547,0.191884965804229
"374",374,19,0.800438322604542,-0.123845049486475,-0.0460855409953956,0.0921924022526186,0.077759508491079
"375",375,14,0.612055109544203,-0.101877037366795,0.112167043559325,0.266706708219741,0.214044080926121
"376",376,15,0.819166636300855,0.133636058136913,0.0415461553995162,0.0964573357933002,-0.0920899027373973
"377",377,16,0.241487507800983,-0.205517435030965,0.288633461975589,0.262787564071378,0.494150897006554
"378",378,32,0.563526406928836,-0.313392545379758,-0.154409596392848,0.00261479351380622,0.15898294898691
"379",379,19,0.014319166561395,-0.241055763569832,0.513150220114197,0.240983345015035,0.754205983684029
"380",380,17,0.550770274581339,0.181013242242127,0.37529825979487,0.172436676682136,0.194285017552743
"381",381,7,0.19476758647193,-0.00465426895554791,0.89639522982452,0.254759799825151,0.901049498780068
"382",382,13,0.289797320393229,-0.244849984474001,0.356630555798186,0.101724681966893,0.601480540272186
"383",383,9,0.597590118446837,-0.104227978365909,0.141370564393357,0.438516072401952,0.245598542759266
"384",384,13,0.996364209197601,0.0538720318329329,0.0517298181274576,0.556366846844024,-0.00214221370547524
"385",385,15,0.795150895898522,0.16355777339747,0.263664072228793,0.0651011361061419,0.100106298831323
"386",386,19,0.738923626827426,0.235878806267059,0.328623044196212,0.0617658851961889,0.0927442379291524
"387",387,7,0.539558864409529,-0.42583373947137,-0.0754584188098075,0.256168958849976,0.350375320661563
"388",388,15,0.105464849525456,-0.259604524968465,0.367483267602216,0.442764078370216,0.627087792570681
"389",389,18,0.246638643435077,0.165478092458952,0.465345614787693,0.161169992285178,0.299867522328741
"390",390,16,0.584778244797329,0.196086771640064,0.380485277596447,0.128539294473667,0.184398505956383
"391",391,32,0.0099460314926327,-0.191098182639514,0.498301428680084,0.0257202274284686,0.689399611319598
"392",392,12,0.0550210224970981,-0.481205374877812,0.387963053523371,0.723618814150657,0.869168428401183
"393",393,16,0.101497690424183,-0.166941550442293,0.476776731581373,0.273439128745961,0.643718282023665
"394",394,14,0.839166081088204,0.0512859990450771,-0.0281025301617421,0.152986995819767,-0.0793885292068192
"395",395,16,0.333603115901057,-0.216516312654863,0.162130044442541,0.283736471131144,0.378646357097404
"396",396,17,0.600179266463153,0.128737484611654,-0.0550009699382188,0.154297330939903,-0.183738454549873
"397",397,16,0.979881486840738,0.00451222714893154,-0.0038827767942064,0.204217606558326,-0.00839500394313793
"398",398,13,0.126071797352926,0.194193775451895,0.740612045277185,0.364322222097279,0.54641826982529
"399",399,16,0.0887732667827603,-0.0317792370315875,0.483762960234163,0.249109276782774,0.515542197265751
"400",400,27,0.570955356789471,0.357589898988741,0.223153303654212,0.140972664484198,-0.13443659533453
"401",401,15,0.0613422097012717,-0.0443689321255938,0.64175825756052,0.325995492949085,0.686127189686114
"402",402,14,0.997180775754723,-0.174340324797403,-0.172777141043236,0.403476327046388,0.00156318375416742
"403",403,15,0.308335523047789,0.0579750992213435,-0.392158188924298,0.13087134463546,-0.450133288145641
"404",404,14,0.323906019358635,0.0465776847220539,0.479842207107715,0.417454668705955,0.433264522385661
"405",405,16,0.434078409619934,-0.288109560076334,0.0224159524507422,0.107654212176829,0.310525512527076
"406",406,10,0.162062294443975,-0.0352545926387136,0.746557816157727,0.802776836190755,0.78181240879644
"407",407,22,0.786501234352408,0.153921112313361,0.210096447617614,0.227568720944969,0.0561753353042531
"408",408,20,0.495819826145146,-0.180502014470891,0.025898609442821,0.110361657047843,0.206400623913712
"409",409,14,0.0321809502309083,-0.396083587480275,0.391565153292876,0.306800404281605,0.787648740773151
"410",410,22,0.181763878904729,-0.180237909348471,0.22795696233601,0.150889965819203,0.408194871684481
"411",411,16,0.111566844621955,-0.195686149916793,0.451710295645605,0.359210002724902,0.647396445562399
"412",412,16,0.0740081327637732,0.173834735033354,0.908883225933444,0.569119655380726,0.735048490900089
"413",413,25,0.409004381069362,-0.0911744972612908,0.166039958120753,0.163713440574403,0.257214455382043
"414",414,15,0.14805060212877,0.168857039399549,0.687517131599999,0.211136736682924,0.51866009220045
"415",415,27,0.102257389394652,-0.183761563750532,0.20323205084965,0.14167239225116,0.386993614600181
"416",416,31,0.144870025974289,-0.0980478463914717,0.283643902574738,0.238779253568896,0.381691748966209
"417",417,10,0.675265716583483,-0.131863406180073,0.055800719595893,0.155992758184405,0.187664125775966
"418",418,20,0.348769491709192,-0.0175176948741798,0.299924049870358,0.325058345523924,0.317441744744538
"419",419,31,0.00760031985846837,0.0319455301812168,0.654445729740886,0.563161830694476,0.622500199559669
"420",420,12,0.137672801030247,-0.0981371292151406,0.449495270626742,0.335797449578825,0.547632399841883
"421",421,11,0.848759561229438,0.0750809346289858,-0.0118274997275918,0.257478593660665,-0.0869084343565776
"422",422,20,0.140383058356988,-0.107903706363005,0.313398181446699,0.0208525769532102,0.421301887809704
"423",423,16,0.589161912437367,0.160704226462164,0.387870158927667,0.0416666489379077,0.227165932465503
"424",424,16,0.583478009835521,-0.0600891522842495,0.0981570760080824,0.261314605459719,0.158246228292332
"425",425,12,0.0337041234040531,-0.598523547999791,0.437672736533725,0.533590572027998,1.03619628453352
"426",426,20,0.453629102919502,0.0507554483165178,-0.210807603087698,0.0402378805695671,-0.261563051404215
"427",427,13,0.352835469147081,0.142540416835623,0.398413630939803,0.235063463880235,0.255873214104179
"428",428,17,0.0136180758287522,-0.246390433679597,0.71804015056385,0.197350178617565,0.964430584243447
"429",429,14,0.827314763647647,0.031612089719813,0.115609345794386,0.201206404163262,0.0839972560745725
"430",430,25,0.402033414170361,0.0167990936560282,0.248884166569273,0.241036591379146,0.232085072913245
"431",431,10,0.435852915972467,-0.309258146582876,0.101438674728681,0.38106881386229,0.410696821311556
"432",432,33,0.00416774921887664,-0.0324923263819664,0.745122108562882,0.177451198343366,0.777614434944848
"433",433,30,0.0301909882954787,0.0433478924550518,0.537592410288195,0.547362606355503,0.494244517833143
"434",434,11,0.399459116550165,-0.0451586359080294,0.4111479710163,0.201880187688445,0.45630660692433
"435",435,16,0.145780511387404,-0.289619256627896,0.272514469193208,0.256311618593174,0.562133725821105
"436",436,26,0.0300020901915201,0.0102129928999217,0.583875259699417,0.509205265408314,0.573662266799495
"437",437,17,0.213392598927297,-0.266699674037431,0.196033255647182,0.440394297997566,0.462732929684613
"438",438,18,0.210422984229141,0.183801869654156,0.631953799138561,0.37853611520728,0.448151929484405
"439",439,16,0.000256996583886467,-0.305052753401095,1.14323602022479,0.689244278692603,1.44828877362588
"440",440,11,0.605288729055343,-0.0519043783533908,-0.305330837571678,0.219911472564648,-0.253426459218287
"441",441,6,0.951392663147318,-0.128078243971421,-0.158754581251014,0.73883354993774,-0.0306763372795932
"442",442,17,0.0590547866524467,-0.211521051187217,0.498934829732399,0.335313613591137,0.710455880919616
"443",443,17,0.106081384878754,-0.319689669610018,0.207389007729486,0.361441185479686,0.527078677339504
"444",444,13,0.43386585054995,-0.224625535503567,0.0696179554302723,0.00986876128920607,0.29424349093384
"445",445,17,0.00944707118955397,-0.437504720611607,0.457793157077128,0.147875950328802,0.895297877688735
"446",446,29,0.975407326836762,0.137804753956491,0.129621368041506,0.00159721294169985,-0.00818338591498552
"447",447,13,0.649018201625641,-0.00456382621544714,-0.163594903150969,0.467876236645118,-0.159031076935521
"448",448,19,0.856340848988448,-0.139033609743979,-0.0727498303648104,0.0426283402776342,0.0662837793791683
"449",449,12,0.940636332748935,0.0924530834736611,0.12448789243956,0.0872170934854448,0.0320348089658992
"450",450,12,0.861609303586237,0.465863413858532,0.395550469588634,0.181825635727422,-0.0703129442698984
"451",451,20,0.00748664200214968,-0.246416169817852,0.703670000595458,0.531306612143651,0.950086170413311
"452",452,19,0.0133762918654954,0.555705849836625,-0.390395590906958,0.0118317918225698,-0.946101440743583
"453",453,15,0.00646834107127974,-0.12748969504938,0.757740846483073,0.304573553331827,0.885230541532452
"454",454,14,0.327541324904173,-0.462832379620103,-0.00210546941590678,0.135814253171353,0.460726910204196
"455",455,20,0.152506889087158,0.0789352841025825,0.538765317443648,0.370593910648799,0.459830033341065
"456",456,9,0.748228787356263,-0.137831375757683,0.0147334331931491,0.373229139900355,0.152564808950832
"457",457,16,0.0413431215551897,-0.288615597253906,0.334546158876226,0.367139351592222,0.623161756130132
"458",458,16,0.0190578709989812,-0.146090157277001,0.662387181064902,0.334643431985536,0.808477338341903
"459",459,12,0.862174940292593,0.00627293417953968,0.0893277760003532,0.139889310918403,0.0830548418208135
"460",460,10,0.796902565759581,0.0943774804530035,-0.00047187329657693,0.331573843212019,-0.0948493537495804
"461",461,13,0.0750323406984817,-0.0410626700680283,0.662093804615944,0.228309401051845,0.703156474683972
"462",462,34,0.237881359263406,-0.0871229021023148,0.187051449858116,0.117963074116511,0.27417435196043
"463",463,11,0.0731895966010079,0.756286521212244,-0.308346547334158,0.314690809025248,-1.0646330685464
"464",464,14,0.408949748108777,0.115693882310594,0.458881092019188,0.0948858585298221,0.343187209708595
"465",465,12,0.74054706772095,-0.0932369073675033,0.0514773784041639,0.524684894774023,0.144714285771667
"466",466,15,0.216377520980064,-0.0522238282858022,0.327678948809276,0.0716492087904466,0.379902777095078
"467",467,18,0.194081560914342,0.0433062603424091,0.464872979932564,0.386864078981699,0.421566719590155
"468",468,14,0.698508462285463,0.236225783126695,0.369145981269621,0.477653354546908,0.132920198142926
"469",469,13,0.730203399273198,-0.220539367543086,-0.0895002158996495,0.12146246558603,0.131039151643436
"470",470,33,0.295406554553171,-0.164957183682523,0.0542564934956613,0.0643088128384244,0.219213677178184
"471",471,42,0.56966228244617,-0.232539053407403,-0.10752974863634,0.0485327434241591,0.125009304771063
"472",472,15,0.295167579678259,-0.0866396276221706,0.269719075741775,0.315541945192942,0.356358703363946
"473",473,20,0.00129770382940341,-0.612815215267855,0.490091464348712,0.28660344694862,1.10290667961657
"474",474,15,0.300886223869792,-0.0229518738664639,0.399579337482552,0.11666727258034,0.422531211349016
"475",475,16,0.241742017300591,-0.243900485319657,0.189029366679466,0.207270704864477,0.432929851999123
"476",476,12,0.708286235943188,-0.358371666022157,-0.190989663555028,0.223436276990145,0.167382002467129
"477",477,14,0.690578517545236,0.289041609289184,0.445101251397537,0.296088349261122,0.156059642108353
"478",478,24,0.717382229610713,0.261504100890419,0.366168858160724,0.351304343757407,0.104664757270305
"479",479,9,0.0189911811592939,-0.284125979485085,0.831768602749171,0.453284321433939,1.11589458223426
"480",480,10,0.0480474603631464,0.114637801823478,1.04867450450499,0.344241609768567,0.934036702681513
"481",481,12,0.607623556602131,0.276227419164321,0.517650325601061,0.46639415652321,0.24142290643674
"482",482,23,0.113218794203614,0.290379339931876,0.760894134879117,0.336898963255385,0.470514794947241
"483",483,20,0.893760245317822,0.0654361166956213,0.0218615566740021,0.182661457095353,-0.0435745600216192
"484",484,16,0.0310636389191739,0.220395598311421,1.0050424313386,0.425641306382745,0.784646833027178
"485",485,15,0.0108876325966964,-0.330010499693967,0.640481142321303,0.329034588012544,0.97049164201527
"486",486,9,0.0374295107837486,-0.305658296564332,0.782600931451801,0.462586369457119,1.08825922801613
"487",487,21,0.230385326927143,0.171007132369653,-0.192591483201235,0.0698300310470977,-0.363598615570888
"488",488,19,0.160090740967533,0.0989809670640961,0.548032853472572,0.303130652377641,0.449051886408476
"489",489,22,0.00397307309354904,-0.129190098352177,0.696375555578635,0.363076568013475,0.825565653930812
"490",490,14,0.180514848024877,-0.158774518567513,0.427340148325346,0.36689667599533,0.586114666892859
"491",491,26,0.0170387810836862,-0.253443214952451,0.392781581480824,0.239634349266146,0.646224796433275
"492",492,28,0.0329589745539229,-0.0143576193613479,0.572040904619945,0.536777231087634,0.586398523981293
"493",493,10,0.606390780173036,-0.0551160849495264,0.168000562967626,0.206769303935757,0.223116647917152
"494",494,16,0.371975016015197,-0.268264014748519,0.0596369924871999,0.275229808856042,0.327901007235719
"495",495,18,0.0797820284859596,-0.104377541607161,0.414217360238466,0.135478520641128,0.518594901845627
"496",496,28,0.100487387595044,0.0609063254863002,0.506529378262603,0.179754837329826,0.445623052776303
"497",497,12,0.34936614379114,-0.247391682313731,0.0918276003050766,0.177509298244951,0.339219282618808
"498",498,9,0.341401577563775,0.421132959468568,0.895453384947815,0.775916313082431,0.474320425479248
"499",499,12,0.163831229693195,-0.180596756710662,0.467140241840069,0.178401298158596,0.647736998550731
"500",500,22,0.648417282238118,0.194401477158671,0.0792550938123976,0.140426028903964,-0.115146383346273
"501",501,16,0.0537016265300384,0.0118324029834099,0.704867002092542,0.431329704056352,0.693034599109132
"502",502,11,0.0115829260391099,-0.448059250446303,0.556345325171088,0.0503203166181361,1.00440457561739
"503",503,11,0.795568093298009,0.227670808558696,0.138124397531214,0.231099284434856,-0.0895464110274812
"504",504,10,0.625216853831032,0.096253447490299,0.326635472552309,0.208829926012272,0.23038202506201
"505",505,13,0.204341086706983,-0.142715287451187,0.406113626032185,0.551115690007333,0.548828913483372
"506",506,19,0.00884767315756069,-0.0234422180194988,0.934542113726115,0.569759715662745,0.957984331745614
"507",507,12,0.598209522372904,0.0911072270502903,-0.114390807437919,0.16552841869081,-0.205498034488209
"508",508,22,0.242036213934022,0.140079509657225,-0.260089900672583,0.135255891380749,-0.400169410329808
"509",509,15,0.448652163886167,0.201559661105966,0.451828264301181,0.403322647139447,0.250268603195214
"510",510,10,0.498676036071586,0.327453722550733,0.628471035524278,0.602733582628263,0.301017312973545
"511",511,22,0.720758095515273,0.460312060408642,0.556074883568531,0.550558355184303,0.095762823159889
"512",512,23,0.703492136947502,0.218943487147293,0.108022147408375,0.197651546182962,-0.110921339738918
"513",513,23,0.000678853146746693,-0.314162085575723,0.457486622113737,0.115812531368131,0.771648707689459
"514",514,21,0.742012994461456,0.197087754260816,0.326957805496754,0.142826382632966,0.129870051235938
"515",515,15,0.268823825025518,-0.133700857589878,0.224598918687777,0.0801756056335096,0.358299776277655
"516",516,29,0.621254821456475,-0.00593959573285464,0.120303658683373,0.114505252092784,0.126243254416228
"517",517,48,0.378105438056156,0.0815583668393574,-0.0986733418763906,0.0368139224216007,-0.180231708715748
"518",518,20,0.145700121271564,-0.0914912115380858,0.414041539964833,0.0322634092217405,0.505532751502919
"519",519,18,0.00280445692620605,-0.208924715827962,0.841511996193453,0.391511934956597,1.05043671202142
"520",520,18,0.306963147328285,-0.233200101910109,0.158756345883269,0.056223475433565,0.391956447793378
"521",521,16,0.0840365320896742,0.165650818586248,0.768434648507422,0.352019458356293,0.602783829921174
"522",522,16,0.190679097279086,-0.0104760413185617,0.410994607813199,0.0799130544457958,0.42147064913176
"523",523,12,0.0375532847353391,0.309304142478007,-0.515353090977342,0.017220120453987,-0.824657233455349
"524",524,15,0.598667912105274,-0.341053235677144,-0.147912992045048,0.13951554300123,0.193140243632096
"525",525,18,0.301688701338918,0.227428842339128,0.544641227724149,0.0450906054116286,0.317212385385021
"526",526,32,0.93300117365539,0.214101987630168,0.19141809985194,0.322240778987206,-0.0226838877782284
"527",527,13,0.190775843635656,-0.162398171824231,0.546424398619137,0.399028775946738,0.708822570443368
"528",528,8,0.777242430834288,0.113240403314242,0.260413081363849,0.377823170245041,0.147172678049607
"529",529,13,0.873701232810057,0.0511795548852154,0.123969492404377,0.173299054135278,0.0727899375191617
"530",530,36,0.71838733682474,-0.0342412331416067,0.0447395314398712,0.0379716163847895,0.0789807645814779
"531",531,13,0.332783284520172,-0.173362881456243,0.188405133265101,0.663950058873796,0.361768014721345
"532",532,19,0.781079614508912,0.120858944029423,0.0402914227859372,0.0509781542985088,-0.0805675212434854
"533",533,12,0.0148633278781151,-0.370748253610104,0.711640676313027,0.427825183215153,1.08238892992313
"534",534,11,0.535415490737643,-0.377648962631542,-0.123213091624856,0.0218125041299108,0.254435871006686
"535",535,18,0.448730368420445,0.0654852001842425,-0.208599057108252,0.0605579111340459,-0.274084257292494
"536",536,20,0.0690655020851626,-0.144982875671536,0.403831077389209,0.278614490935358,0.548813953060745
"537",537,23,0.465446115355101,-0.136039066164897,0.0449857813453491,0.083699826079678,0.181024847510246
"538",538,14,0.629109208926716,0.0705765804266577,0.260014854884123,0.329695001662039,0.189438274457465
"539",539,14,0.222847349237979,-0.0692707095507816,0.529416795881434,0.182300636647737,0.598687505432215
"540",540,24,0.787453754078649,-0.308862784409104,-0.222368176769453,0.0778302611122322,0.0864946076396512
"541",541,48,0.300257156336214,-0.202266927380096,0.0166719655892058,0.304100425812537,0.218938892969302
"542",542,9,0.72764569448641,0.320997625826452,0.40499872087102,0.151254679869246,0.0840010950445673
"543",543,14,0.314503205717037,0.0502943548313737,0.45437560602906,0.585997393975991,0.404081251197686
"544",544,34,0.905856951720956,-0.108994913023159,-0.0770903545694136,0.0831471902089665,0.0319045584537452
"545",545,9,0.0224542209299337,-0.0769268615375819,1.03255040841238,0.366547206647998,1.10947726994997
"546",546,11,0.263056908704558,0.131026100559699,0.619613510085549,0.238230647627001,0.488587409525851
"547",547,15,0.601878894037083,-0.0191015371680033,0.20942585867301,0.177112145271786,0.228527395841013
"548",548,10,0.0469750501826571,0.212784515246242,0.833295069710049,0.62633021818958,0.620510554463807
"549",549,24,0.408237974674517,0.247229506481965,0.0204182810044248,0.0494575570980623,-0.22681122547754
"550",550,14,0.345928247110211,0.0516371148430265,0.43328487975867,0.711889727494901,0.381647764915643
"551",551,14,0.678423713395169,-0.000466414831150165,-0.130682387687903,0.215638018121708,-0.130215972856753
"552",552,15,0.53197653397147,0.223415559425071,0.4488723524056,0.449184455612248,0.225456792980529
"553",553,36,0.262080796925013,-0.0503516611686835,0.227215681852173,0.119629908330121,0.277567343020857
"554",554,32,0.433873852970115,0.376041556673186,0.616209765380026,0.282594270548521,0.24016820870684
"555",555,24,0.54984083114797,0.24441254578229,0.0491130806370571,0.118507099985893,-0.195299465145233
"556",556,18,0.071686001027525,0.34370899251643,-0.165636160521473,0.043752291755877,-0.509345153037903
"557",557,24,0.0828550490946454,-0.0324966321622509,0.438437738666874,0.415602429282304,0.470934370829125
"558",558,23,0.27296999002062,0.0222469039177107,0.354093374678615,0.267296796238181,0.331846470760905
"559",559,21,0.334859583558139,-0.0738951678668919,-0.346835042099955,0.0774106465510851,-0.272939874233063
"560",560,12,0.0691329238368218,-0.0847060728294545,0.670960573305139,0.60433349183773,0.755666646134593
"561",561,22,0.907997324468189,0.28611617014098,0.25258177362858,0.0170051153111874,-0.0335343965123996
"562",562,19,0.696727626411663,0.147561152273221,0.0162868837384878,0.073557435902915,-0.131274268534734
"563",563,11,0.391206618358076,-0.382715363618548,0.0602679882031522,0.170279485917254,0.4429833518217
"564",564,23,0.713292149710958,0.0722937000255305,-0.0594518179785438,0.30888819019141,-0.131745518004074
"565",565,14,0.174345065587725,0.0962004428513747,0.635600974583648,0.386444506300492,0.539400531732274
"566",566,19,0.334855565261787,0.165737232249754,0.505121218932506,0.50526041863666,0.339383986682752
"567",567,26,0.0594369624686327,0.0491080907430095,0.691738703655339,0.693679688121169,0.642630612912329
"568",568,33,0.00933741705752137,-0.311013345621085,0.388553119155189,0.24782953368444,0.699566464776275
"569",569,15,0.748920500706183,-0.0524410782287859,-0.174518930749968,0.227305249428053,-0.122077852521182
"570",570,20,0.193260225087623,-0.24974096272079,0.172209216233397,0.420884620632443,0.421950178954187
"571",571,17,0.58150806269811,-0.0936384584879308,0.0689368618938106,0.397553226359194,0.162575320381741
"572",572,14,0.385659850191215,0.453565012280975,0.784944033934263,0.344345937177903,0.331379021653288
"573",573,14,0.510534746814504,0.224135785011816,0.425179125928067,0.110821095081791,0.201043340916251
"574",574,15,0.0242757559660202,0.158079815356385,-0.495152296027696,0.17873209667533,-0.653232111384081
"575",575,15,0.0106209738854512,-0.109932876656411,0.856561643927173,0.210089758532015,0.966494520583585
"576",576,8,0.379732550270408,0.237486566078701,0.708178539381591,0.801195725107627,0.47069197330289
"577",577,24,0.36059425562506,0.449972275345839,0.638136294236738,0.287748248267048,0.188164018890899
"578",578,14,0.0409858924008191,-0.453041237804604,0.275417376042248,0.0439406254593468,0.728458613846853
"579",579,29,0.517588471806445,0.0487533102450756,0.233677150895067,0.210318450786523,0.184923840649991
"580",580,23,0.223073365791131,0.472314701368306,0.0541642019082917,0.0998157758978841,-0.418150499460014
"581",581,8,0.316470282649966,-0.100718577371432,0.562578404650372,0.337294109608159,0.663296982021804
"582",582,10,0.672323156363715,0.396506264842464,0.176973459641279,0.19372588932193,-0.219532805201185
"583",583,15,0.364942479469798,0.0852694829228687,0.349039833556678,0.11566726967715,0.263770350633809
"584",584,19,0.13943605049139,0.183360253799106,-0.336692840932385,0.0168931173990439,-0.52005309473149
"585",585,30,0.422740771847123,-0.202090479588473,0.0189870054514832,0.0653482322368086,0.221077485039956
"586",586,19,0.409705467686371,-0.202431892933892,0.0777103337187207,0.148996649073876,0.280142226652613
"587",587,19,0.425711836725372,-0.174520188487802,0.0806179272838801,0.139878714353322,0.255138115771682
"588",588,9,0.200517218589782,0.397169399038913,0.901026218202691,0.586568290217406,0.503856819163778
"589",589,28,0.162147604287968,-0.562960844090436,-0.175856746444348,0.0161791651490269,0.387104097646088
"590",590,20,0.364694877209796,-0.0624325782339197,-0.296085260329928,0.0496927114792074,-0.233652682096008
"591",591,11,0.209468775050159,0.250506906568887,-0.323178406626983,0.202408777720456,-0.57368531319587
"592",592,18,0.265560051421492,-0.0318717413527893,0.34973588548139,0.670942787327186,0.381607626834179
"593",593,21,0.213101713926343,0.190326614542676,0.598010589518592,0.394412632301751,0.407683974975916
"594",594,10,0.0273002808625035,-0.0990465928048399,0.789910352577006,0.444836473322931,0.888956945381846
"595",595,16,0.315507999244671,-0.0956737308351938,0.205539245040631,0.230670446562795,0.301212975875825
"596",596,13,0.172314385578697,-0.0511715502021331,0.54851890043772,0.337573472585111,0.599690450639853
"597",597,26,0.67708419416029,0.257562717592723,0.363540214343871,0.507326508818602,0.105977496751148
"598",598,18,0.34074181547711,0.0157790905794821,0.240889875985537,0.463440914078141,0.225110785406055
"599",599,13,0.0089400333846327,-0.194263084119594,0.756116278292344,0.133930401300897,0.950379362411938
"600",600,21,0.0554088441659209,-0.228061071819885,0.464904690419491,0.139272906095771,0.692965762239375
"601",601,14,0.060097876874281,-0.214353471276084,0.473120294545446,0.289531922070136,0.68747376582153
"602",602,29,0.74035676023172,-0.105506382746099,-0.0173620961971899,0.164815087741147,0.088144286548909
"603",603,20,0.235632237493513,-0.201490966954386,0.240414494926593,0.173643425707196,0.441905461880979
"604",604,15,0.731877818398203,0.0717848532790211,0.208402840416413,0.157630108839209,0.136617987137392
"605",605,8,0.236609921310289,-0.210514053526682,0.34972507292755,0.516316466502896,0.560239126454232
"606",606,22,0.00951832187591061,-0.329175779303868,0.56005581614116,0.536036330804254,0.889231595445028
"607",607,22,0.342375808736349,0.0766346220190773,0.335539543062025,0.185380472591666,0.258904921042948
"608",608,19,0.437651120629486,-0.124238167825767,0.149363741434743,0.184789997712704,0.273601909260511
"609",609,12,0.852328174576831,0.0834732944872306,0.00474349631688052,0.40617525032962,-0.0787297981703501
"610",610,8,0.121891393228596,-0.160854197698649,0.780710894542772,0.272082788784156,0.941565092241421
"611",611,27,0.10657988937819,-0.0207685891331531,0.427249410260325,0.324837200935568,0.448017999393478
"612",612,25,0.239168935424557,0.232183098862373,-0.0811163571020082,0.0672004349498954,-0.313299455964381
"613",613,19,0.759887476522864,-0.098176559193682,-0.00138367664261446,0.310973626759834,0.0967928825510675
"614",614,11,0.968042208612912,-0.375711568811216,-0.393283674637527,0.230651185589173,-0.0175721058263114
"615",615,9,0.52180374157421,0.0625482626893696,-0.249007182092449,0.0447737994206117,-0.311555444781818
"616",616,13,0.465383432157461,-0.130758769677419,0.159695176374442,0.279492579259764,0.290453946051861
"617",617,9,0.0413130701163151,-0.713158269355963,0.371025819193869,0.417019232039032,1.08418408854983
"618",618,14,0.303315677909738,0.277759471780381,-0.219308063347162,0.0864159282539557,-0.497067535127543
"619",619,14,0.724550162815088,0.173383351926367,0.0432208223294342,0.115055473272289,-0.130162529596933
"620",620,14,0.442126811218804,0.449134543741372,0.082565524411816,0.457207265979086,-0.366569019329556
"621",621,23,0.0513583956210099,-0.400168729379795,0.176415609718571,0.230104116779203,0.576584339098366
"622",622,14,0.227868334936057,0.403695714714026,0.0221031156237555,0.514812257091676,-0.381592599090271
"623",623,10,0.187915415174657,0.0450510075032063,-0.490332287383894,0.250822913514222,-0.5353832948871
"624",624,12,0.839872774150518,0.151890053708778,0.227184807878441,0.330616756690918,0.0752947541696629
"625",625,14,0.915559355330643,0.280411734000926,0.312643454879222,0.466153237002437,0.032231720878296
