"","rep_no","totalN","p_value","mean_control","mean_treatment","ES_true","d_emp","prev_pop","rep_attempts","false_omission_rate","true_selection_rate"
"1",1,14,0.869474109446768,0.283996061150874,-0.065988186331334,0.225074027428213,-0.349984247482208,0.17,613,0.152657931181421,0.404567699836868
"2",2,15,0.889041989257483,0.400666414707835,-0.0618994538186579,0.0641566266293312,-0.462565868526493,0.17,613,0.152657931181421,0.404567699836868
"3",3,12,0.0256053286761433,-0.419484331213467,0.513074766408776,0.248409036348747,0.932559097622243,0.17,613,0.152657931181421,0.404567699836868
"4",4,11,0.832007768746165,0.169420970207223,-0.282526731563754,0.270354074010758,-0.451947701770977,0.17,613,0.152657931181421,0.404567699836868
"5",5,12,0.111209715132108,0.0912756876719121,0.677704528135706,0.546163324242464,0.586428840463794,0.17,613,0.152657931181421,0.404567699836868
"6",6,6,0.133047723361496,0.114351728482836,0.721280660250801,0.653622911923834,0.606928931767965,0.17,613,0.152657931181421,0.404567699836868
"7",7,32,0.0426138181081861,-0.0942662705246356,0.323996904826228,0.395874363013913,0.418263175350863,0.17,613,0.152657931181421,0.404567699836868
"8",8,10,0.454629475419799,0.351911634397505,0.402124956732922,0.225838853211532,0.050213322335417,0.17,613,0.152657931181421,0.404567699836868
"9",9,18,0.271369426948124,-0.201345080694811,0.0284356114847189,0.127711174999406,0.22978069217953,0.17,613,0.152657931181421,0.404567699836868
"10",10,16,0.316280233271864,-0.230109452792613,-0.0642789019837634,0.0596779550488199,0.16583055080885,0.17,613,0.152657931181421,0.404567699836868
"11",11,16,0.099621832605197,-0.0166084473984443,0.474968639807497,0.338772192516462,0.491577087205941,0.17,613,0.152657931181421,0.404567699836868
"12",12,18,0.0353385043951038,-0.0580680746420421,0.54244956743883,0.569813298806202,0.600517642080872,0.17,613,0.152657931181421,0.404567699836868
"13",13,17,0.477816348629686,0.201821172990637,0.225363337083586,0.16900874233677,0.0235421640929488,0.17,613,0.152657931181421,0.404567699836868
"14",14,11,0.00324422798886333,-0.29156787250253,0.788177388703841,0.486304590694963,1.07974526120637,0.17,613,0.152657931181421,0.404567699836868
"15",15,16,0.351898242196153,0.364995722191223,0.486872104869405,0.21486685382856,0.121876382678182,0.17,613,0.152657931181421,0.404567699836868
"16",16,39,0.145123137586842,-0.0134727289522146,0.229357705925736,0.508240552003766,0.242830434877951,0.17,613,0.152657931181421,0.404567699836868
"17",17,7,0.0429083554307964,-0.402027302961131,0.446408831582739,0.56463111968682,0.84843613454387,0.17,613,0.152657931181421,0.404567699836868
"18",18,17,0.0679681719087863,-0.13479048039257,0.41941785536442,0.215329328310318,0.55420833575699,0.17,613,0.152657931181421,0.404567699836868
"19",19,10,0.221345886438671,-0.148977807744461,0.125729855318293,0.342724275737155,0.274707663062754,0.17,613,0.152657931181421,0.404567699836868
"20",20,20,0.850070907009427,0.294041628925573,0.0590320256816611,0.0329634664046204,-0.235009603243911,0.17,613,0.152657931181421,0.404567699836868
"21",21,14,0.00281373973094197,-0.243451580155004,0.649083235084539,0.238248779368757,0.892534815239543,0.17,613,0.152657931181421,0.404567699836868
"22",22,16,0.886592852712198,0.208914844297769,-0.139963577582855,0.253167761032023,-0.348878421880624,0.17,613,0.152657931181421,0.404567699836868
"23",23,12,0.237253502627366,-0.435077297796857,-0.125963074190342,0.234917836610454,0.309114223606515,0.17,613,0.152657931181421,0.404567699836868
"24",24,9,0.735461585942472,0.344819577159755,0.0335178803483271,0.571780734584,-0.311301696811428,0.17,613,0.152657931181421,0.404567699836868
"25",25,9,0.978778202873726,0.805630073534621,-0.36230009810478,0.301085119935214,-1.1679301716394,0.17,613,0.152657931181421,0.404567699836868
"26",26,8,0.0218127145189456,-0.750316664649261,0.805507808022352,0.226409629140885,1.55582447267161,0.17,613,0.152657931181421,0.404567699836868
"27",27,15,0.657039101549672,0.229377776004939,0.0494394630657969,0.00576997683882475,-0.179938312939142,0.17,613,0.152657931181421,0.404567699836868
"28",28,11,0.000306879581189,-0.273005117236043,1.20049076308849,0.711544882471858,1.47349588032453,0.17,613,0.152657931181421,0.404567699836868
"29",29,17,0.480824125921922,0.00600929494078817,0.0251404522620627,0.0802796431665658,0.0191311573212745,0.17,613,0.152657931181421,0.404567699836868
"30",30,21,0.269228292482287,-0.234822945493677,-0.0190751698805647,0.06357395480227,0.215747775613112,0.17,613,0.152657931181421,0.404567699836868
"31",31,15,0.0773811915593827,-0.498605579357393,0.0124965001770392,0.0191558570344699,0.511102079534432,0.17,613,0.152657931181421,0.404567699836868
"32",32,14,0.239380518901007,0.2561395465951,0.587503864310365,0.276612216181422,0.331364317715265,0.17,613,0.152657931181421,0.404567699836868
"33",33,14,0.00208636881923125,-0.534664864568326,0.871395700980528,0.623913458440319,1.40606056554885,0.17,613,0.152657931181421,0.404567699836868
"34",34,6,0.0985390678605226,0.763842245410902,1.50660164424628,0.689881738201221,0.742759398835377,0.17,613,0.152657931181421,0.404567699836868
"35",35,30,0.0962778713249025,-0.0969270279247284,0.278412560287223,0.218351984473995,0.375339588211952,0.17,613,0.152657931181421,0.404567699836868
"36",36,14,0.224723094539007,0.051325113406007,0.347412618294884,0.339763990822804,0.296087504888877,0.17,613,0.152657931181421,0.404567699836868
"37",37,12,0.407999677871948,0.0298665061055348,0.133482865217748,0.128555157773399,0.103616359112213,0.17,613,0.152657931181421,0.404567699836868
"38",38,16,0.322246357140927,-0.146427646153075,0.0219313086244178,0.0547782029889946,0.168358954777492,0.17,613,0.152657931181421,0.404567699836868
"39",39,22,0.489152944547751,-0.0976359835710279,-0.0897554348070965,0.0165810627320907,0.00788054876393143,0.17,613,0.152657931181421,0.404567699836868
"40",40,12,0.70465239774738,0.0429088597735125,-0.159522971911503,0.385026950523074,-0.202431831685015,0.17,613,0.152657931181421,0.404567699836868
"41",41,18,0.0831237285131632,0.137927483035358,0.60817855628811,0.547600501817228,0.470251073252752,0.17,613,0.152657931181421,0.404567699836868
"42",42,21,0.077390688912511,-0.180480275677535,0.382116352524271,0.119618682569683,0.562596628201806,0.17,613,0.152657931181421,0.404567699836868
"43",43,23,0.833727242009787,0.358188064805143,0.0811888712059087,0.358577079418685,-0.276999193599234,0.17,613,0.152657931181421,0.404567699836868
"44",44,10,0.408111004640847,0.138800934938336,0.242972482660882,0.223147658959888,0.104171547722545,0.17,613,0.152657931181421,0.404567699836868
"45",45,11,0.442812052178291,0.359812182873965,0.425374848792697,0.245325683485802,0.0655626659187313,0.17,613,0.152657931181421,0.404567699836868
"46",46,13,0.577006744697747,-0.199091066434789,-0.293329685594631,0.35664800663492,-0.0942386191598426,0.17,613,0.152657931181421,0.404567699836868
"47",47,16,0.320389336080472,-0.198824878402101,-0.0552824035742169,0.36011509436512,0.143542474827884,0.17,613,0.152657931181421,0.404567699836868
"48",48,18,0.24350362376799,-0.196861478763098,0.0840390751993474,0.119473036212485,0.280900553962446,0.17,613,0.152657931181421,0.404567699836868
"49",49,8,0.312817177351777,0.323662730365547,0.513033782184768,0.524750772550627,0.189371051819221,0.17,613,0.152657931181421,0.404567699836868
"50",50,28,0.264853969320097,0.2530239576886,0.426603159935997,0.0604070396287124,0.173579202247397,0.17,613,0.152657931181421,0.404567699836868
"51",51,14,0.204227184434444,-0.377725257960926,0.00503486626218281,0.290411869988908,0.382760124223109,0.17,613,0.152657931181421,0.404567699836868
"52",52,15,0.0142898544809526,0.0355866416662557,0.754137395013804,0.361907672766197,0.718550753347549,0.17,613,0.152657931181421,0.404567699836868
"53",53,20,0.0116240168991083,-0.557943014261456,0.0347192542100815,0.137464310449247,0.592662268471538,0.17,613,0.152657931181421,0.404567699836868
"54",54,8,0.418672396780078,-0.381602836133301,-0.294263350979194,0.209289296892822,0.0873394851541071,0.17,613,0.152657931181421,0.404567699836868
"55",55,16,0.15326662041086,0.114051903230736,0.360458802666806,0.250412538997419,0.246406899436069,0.17,613,0.152657931181421,0.404567699836868
"56",56,10,0.388621075274639,0.534821270412607,0.66886893069398,0.183093750314381,0.134047660281373,0.17,613,0.152657931181421,0.404567699836868
"57",57,7,0.0574788773043814,-0.110434072808291,0.633538211000979,0.254836357945398,0.74397228380927,0.17,613,0.152657931181421,0.404567699836868
"58",58,10,0.128609341729741,0.00688591091663073,0.686279069477286,0.265952796479415,0.679393158560655,0.17,613,0.152657931181421,0.404567699836868
"59",59,20,0.0610972944790241,0.115177411795103,0.541346636533524,0.232841425603678,0.426169224738421,0.17,613,0.152657931181421,0.404567699836868
"60",60,20,0.135931907947341,-0.105672071732075,0.250864166084773,0.117658996474491,0.356536237816848,0.17,613,0.152657931181421,0.404567699836868
"61",61,18,0.0509141959878985,0.266613751431008,0.752881024249137,0.386888864865354,0.486267272818129,0.17,613,0.152657931181421,0.404567699836868
"62",62,13,0.025993866544277,-0.368480160957691,0.36321431791765,0.11266749096494,0.731694478875341,0.17,613,0.152657931181421,0.404567699836868
"63",63,8,0.100565454602478,-0.0939702876133626,0.575469077193107,0.572099951557881,0.66943936480647,0.17,613,0.152657931181421,0.404567699836868
"64",64,11,0.368310687912885,0.00392523233468106,0.122321476351989,0.269780682020154,0.118396244017307,0.17,613,0.152657931181421,0.404567699836868
"65",65,14,0.045890911077952,0.0198810550739411,0.602557631994651,0.250563343754249,0.58267657692071,0.17,613,0.152657931181421,0.404567699836868
"66",66,13,0.120780859405476,-0.747182338591759,-0.273468356051518,0.157445351194246,0.473713982540241,0.17,613,0.152657931181421,0.404567699836868
"67",67,12,0.427019261811884,0.121919242114362,0.208421337931838,0.63294460444861,0.0865020958174754,0.17,613,0.152657931181421,0.404567699836868
"68",68,24,0.586120354042005,-0.0160840078587421,-0.0834325648116944,0.101392117500794,-0.0673485569529523,0.17,613,0.152657931181421,0.404567699836868
"69",69,23,0.70367856718329,0.0829241671797705,-0.0805896739889857,0.00326273969275533,-0.163513841168756,0.17,613,0.152657931181421,0.404567699836868
"70",70,7,0.46802004548112,0.543419320133422,0.591575992802567,0.472920545199429,0.0481566726691451,0.17,613,0.152657931181421,0.404567699836868
"71",71,17,0.271366092738751,-0.0915026260920044,0.149709088352429,0.416240147614074,0.241211714444434,0.17,613,0.152657931181421,0.404567699836868
"72",72,13,0.444938548384265,0.110538355272994,0.161014154524778,0.554213848954849,0.0504757992517844,0.17,613,0.152657931181421,0.404567699836868
"73",73,8,0.0735738268010259,-0.295447546166821,0.42842068606725,0.527197015361923,0.723868232234071,0.17,613,0.152657931181421,0.404567699836868
"74",74,12,0.089509688718532,0.0118367253368892,0.511576140104275,0.592481080211045,0.499739414767386,0.17,613,0.152657931181421,0.404567699836868
"75",75,14,0.382321071275525,0.163431091848671,0.287410179823663,0.298188165009561,0.123979087974992,0.17,613,0.152657931181421,0.404567699836868
"76",76,6,0.774992431006025,0.397542526933017,0.0257292416700321,0.0207191567719804,-0.371813285262985,0.17,613,0.152657931181421,0.404567699836868
"77",77,14,0.188145939532047,0.208857624106546,0.616090970612842,0.565164912785152,0.407233346506296,0.17,613,0.152657931181421,0.404567699836868
"78",78,20,0.0927701233033757,-0.179456101298171,0.175238543412054,0.382726574277742,0.354694644710225,0.17,613,0.152657931181421,0.404567699836868
"79",79,6,0.0391322083504227,-0.65819083692791,0.594916590278546,0.3265866509467,1.25310742720646,0.17,613,0.152657931181421,0.404567699836868
"80",80,7,0.277232695074544,0.150761922646429,0.500191891499328,0.208596797273995,0.3494299688529,0.17,613,0.152657931181421,0.404567699836868
"81",81,8,0.313919015578293,-0.300057161664612,-0.129223943388777,0.425304058447102,0.170833218275834,0.17,613,0.152657931181421,0.404567699836868
"82",82,10,0.621945007665971,0.2466163374534,0.145689310353729,0.128982970091072,-0.100927027099671,0.17,613,0.152657931181421,0.404567699836868
"83",83,10,0.461261225196615,0.23811539717583,0.268917467081737,0.207489037713117,0.0308020699059069,0.17,613,0.152657931181421,0.404567699836868
"84",84,8,0.629379141471896,0.460171357707243,0.305521880961407,0.229242893557481,-0.154649476745836,0.17,613,0.152657931181421,0.404567699836868
"85",85,25,0.119247185193333,0.0164280234981418,0.336578541213503,0.307948390651998,0.320150517715362,0.17,613,0.152657931181421,0.404567699836868
"86",86,17,0.167301230484209,-0.0967162040979581,0.2460683409225,0.129240957887644,0.342784545020458,0.17,613,0.152657931181421,0.404567699836868
"87",87,13,0.496762433584173,0.0298369572910174,0.0331805554207643,0.22598932456251,0.00334359812974687,0.17,613,0.152657931181421,0.404567699836868
"88",88,18,0.0243886186861052,-0.326222884733833,0.420354947359225,0.148323619636514,0.746577832093058,0.17,613,0.152657931181421,0.404567699836868
"89",89,23,0.797809186971824,0.0554360228603043,-0.187545908204737,0.0722042084647132,-0.242981931065041,0.17,613,0.152657931181421,0.404567699836868
"90",90,18,0.608748054181605,-0.138769708235382,-0.23980896973224,0.01276138327369,-0.101039261496858,0.17,613,0.152657931181421,0.404567699836868
"91",91,9,0.139159839508932,0.015377451829195,0.551063146666243,0.145964936418102,0.535685694837048,0.17,613,0.152657931181421,0.404567699836868
"92",92,16,0.141562026077611,-0.119316554719985,0.332093049860627,0.662194245928094,0.451409604580612,0.17,613,0.152657931181421,0.404567699836868
"93",93,9,0.000915886812650679,-0.690889704824995,0.6474234154186,0.517912566546848,1.3383131202436,0.17,613,0.152657931181421,0.404567699836868
"94",94,14,0.1575045392454,-0.211222738808095,0.167426889536618,0.249166647592738,0.378649628344713,0.17,613,0.152657931181421,0.404567699836868
"95",95,15,0.0520690435744045,-0.20227096844071,0.389632062660682,0.374494075104294,0.591903031101392,0.17,613,0.152657931181421,0.404567699836868
"96",96,38,0.147198373591058,-0.00945540876498946,0.21458349348085,0.0277883101131818,0.22403890224584,0.17,613,0.152657931181421,0.404567699836868
"97",97,11,0.549562027051149,0.326881583110188,0.27128130131425,0.347580700818562,-0.0556002817959375,0.17,613,0.152657931181421,0.404567699836868
"98",98,20,0.666226654193761,0.261180656150886,0.125512878746856,0.251681029568209,-0.13566777740403,0.17,613,0.152657931181421,0.404567699836868
"99",99,14,0.270200087601476,0.431534207591367,0.626383269985579,0.360761676866424,0.194849062394212,0.17,613,0.152657931181421,0.404567699836868
"100",100,30,0.236891098980876,-0.204059484612597,-0.0362464808496201,0.0551888597591881,0.167813003762977,0.17,613,0.152657931181421,0.404567699836868
"101",101,12,0.298610713124941,-0.205753144671525,0.00184604315373418,0.186239891459208,0.207599187825259,0.17,613,0.152657931181421,0.404567699836868
"102",102,31,0.0595588525742145,0.0452997120084107,0.481671528344742,0.428845374690351,0.436371816336331,0.17,613,0.152657931181421,0.404567699836868
"103",103,15,0.22382625483789,-0.155705284007421,0.0754983020679458,0.213927831190829,0.231203586075367,0.17,613,0.152657931181421,0.404567699836868
"104",104,11,0.333631551190407,0.00609671472260058,0.199655715670848,0.495093963107552,0.193559000948248,0.17,613,0.152657931181421,0.404567699836868
"105",105,8,0.335295573124043,0.0109139328115022,0.215833532049225,0.357060865983493,0.204919599237723,0.17,613,0.152657931181421,0.404567699836868
"106",106,8,0.345675106717794,-0.110160212470405,0.130140514329828,0.273420817857406,0.240300726800233,0.17,613,0.152657931181421,0.404567699836868
"107",107,15,0.48558680507855,-0.0716831629926601,-0.0576611394654326,0.0586271567772947,0.0140220235272275,0.17,613,0.152657931181421,0.404567699836868
"108",108,7,0.42802927604156,-0.2870802708032,-0.193890408239787,0.280627339533369,0.0931898625634137,0.17,613,0.152657931181421,0.404567699836868
"109",109,10,0.770515336443435,0.0715137191671301,-0.331308709231396,0.293381133759815,-0.402822428398526,0.17,613,0.152657931181421,0.404567699836868
"110",110,14,0.0385574664799941,-0.704490599672169,-0.196533387266855,0.0133437211109493,0.507957212405314,0.17,613,0.152657931181421,0.404567699836868
"111",111,15,0.494811364927768,0.12800267043808,0.133390984312232,0.155753715186545,0.00538831387415159,0.17,613,0.152657931181421,0.404567699836868
"112",112,12,0.0126655089515389,-0.158525907113144,0.583146635080023,0.600976532103981,0.741672542193167,0.17,613,0.152657931181421,0.404567699836868
"113",113,23,0.538881175014155,-0.246084003653979,-0.275686460324254,0.0924844714798502,-0.029602456670275,0.17,613,0.152657931181421,0.404567699836868
"114",114,10,0.00626696951478296,-0.964641002245197,0.127912025659255,0.235742193144322,1.09255302790445,0.17,613,0.152657931181421,0.404567699836868
"115",115,10,0.0490697552202713,-0.584089030358521,0.293093354351429,0.606538674724898,0.877182384709951,0.17,613,0.152657931181421,0.404567699836868
"116",116,12,0.172484934895519,-0.0752419243786212,0.336753550825694,0.597165130900874,0.411995475204315,0.17,613,0.152657931181421,0.404567699836868
"117",117,18,0.391425213811787,0.0150576253375247,0.108241576967544,0.315862627020086,0.0931839516300191,0.17,613,0.152657931181421,0.404567699836868
"118",118,23,0.46235737811316,0.0574329409035034,0.0848422465593405,0.272493381573262,0.027409305655837,0.17,613,0.152657931181421,0.404567699836868
"119",119,9,0.328511618033918,-0.457587003785288,-0.244680824978287,0.182848453858065,0.212906178807001,0.17,613,0.152657931181421,0.404567699836868
"120",120,21,0.0402504081709175,-0.0630861582167226,0.442332946148732,0.0657707234322617,0.505419104365455,0.17,613,0.152657931181421,0.404567699836868
"121",121,10,0.342534947908705,0.10376289953369,0.2774537086591,0.192674869211785,0.17369080912541,0.17,613,0.152657931181421,0.404567699836868
"122",122,7,0.18362248266904,-0.584166409360502,-0.00183639054841107,0.675929144940534,0.582330018812091,0.17,613,0.152657931181421,0.404567699836868
"123",123,11,0.0212051964804379,-0.457696640827059,0.393238653253214,0.221283063707958,0.850935294080273,0.17,613,0.152657931181421,0.404567699836868
"124",124,14,0.59415838090804,0.347304472385797,0.254048550446421,0.0126014912392518,-0.093255921939376,0.17,613,0.152657931181421,0.404567699836868
"125",125,11,0.0363741701231155,0.310906894189255,0.978288010255375,0.495064868256798,0.66738111606612,0.17,613,0.152657931181421,0.404567699836868
"126",126,10,0.559053975613626,0.49007920649392,0.419517322407655,0.375159987737397,-0.0705618840862653,0.17,613,0.152657931181421,0.404567699836868
"127",127,14,0.0261088675112272,-0.142649392975921,0.398242533685905,0.243753371141468,0.540891926661826,0.17,613,0.152657931181421,0.404567699836868
"128",128,7,0.0774570729145349,-0.193449094699932,0.491277175081476,0.176018138270815,0.684726269781409,0.17,613,0.152657931181421,0.404567699836868
"129",129,8,0.114292867426144,-0.360661906755535,0.139968155926786,0.141844279951291,0.500630062682321,0.17,613,0.152657931181421,0.404567699836868
"130",130,7,0.0657583355891146,0.200610520466326,1.11234654065546,0.675666843816497,0.911736020189136,0.17,613,0.152657931181421,0.404567699836868
"131",131,14,0.0471671533070173,-0.141823620617234,0.474074842877991,0.12515729278004,0.615898463495224,0.17,613,0.152657931181421,0.404567699836868
"132",132,21,0.493223079180842,0.383031746474466,0.387753205280369,0.452065954376425,0.00472145880590347,0.17,613,0.152657931181421,0.404567699836868
"133",133,14,0.0898285556800734,0.0325744549362047,0.473061650690445,0.536731920339746,0.440487195754241,0.17,613,0.152657931181421,0.404567699836868
"134",134,13,0.301113689803695,-0.0598009055946767,0.175997885674811,0.21769317117478,0.235798791269487,0.17,613,0.152657931181421,0.404567699836868
"135",135,14,0.379900060041062,-0.0708237820244079,0.0722090877265315,0.110127611283677,0.143032869750939,0.17,613,0.152657931181421,0.404567699836868
"136",136,19,0.111741360385759,-0.013094095445987,0.319955278930945,0.0314079323661373,0.333049374376932,0.17,613,0.152657931181421,0.404567699836868
"137",137,14,0.00999105897030335,-0.00556202479298948,0.851587535382904,0.301608830264833,0.857149560175894,0.17,613,0.152657931181421,0.404567699836868
"138",138,10,0.649638454718329,0.206071890707739,0.033324553427397,0.0575818564966096,-0.172747337280342,0.17,613,0.152657931181421,0.404567699836868
"139",139,16,0.969576867699062,0.499806900161708,-0.168478048043277,0.235993188287883,-0.668284948204986,0.17,613,0.152657931181421,0.404567699836868
"140",140,15,0.221252492987458,0.242254570075436,0.547213868494453,0.112732064627896,0.304959298419017,0.17,613,0.152657931181421,0.404567699836868
"141",141,11,0.089401599241778,-0.395283550699277,0.270713954860843,0.427715270790835,0.665997505560121,0.17,613,0.152657931181421,0.404567699836868
"142",142,18,0.526718229358209,0.0575591396702031,0.0354365642601336,0.424203119625603,-0.0221225754100695,0.17,613,0.152657931181421,0.404567699836868
"143",143,8,0.130496684540386,-0.423185203136706,0.190960497067329,0.393381206997517,0.614145700204035,0.17,613,0.152657931181421,0.404567699836868
"144",144,10,0.00344681028922662,-0.360969478575427,0.908044361793662,0.628584723910573,1.26901384036909,0.17,613,0.152657931181421,0.404567699836868
"145",145,9,0.301603857097618,0.615108906908937,0.931760133628593,0.412244857930472,0.316651226719657,0.17,613,0.152657931181421,0.404567699836868
"146",146,6,0.114562367040212,0.131264414103707,0.871287665948496,0.165591520474985,0.740023251844789,0.17,613,0.152657931181421,0.404567699836868
"147",147,11,0.836088033388233,0.267940664494411,-0.0205101115703362,0.237995608209509,-0.288450776064747,0.17,613,0.152657931181421,0.404567699836868
"148",148,27,0.200736085450341,0.111769534959725,0.337643298296656,0.20990968823782,0.225873763336931,0.17,613,0.152657931181421,0.404567699836868
"149",149,13,0.00801926483733152,-0.450175519737867,0.203163214587556,0.338163699659308,0.653338734325423,0.17,613,0.152657931181421,0.404567699836868
"150",150,11,0.538951388195779,0.15797934458042,0.126714650685384,0.442991721658124,-0.0312646938950354,0.17,613,0.152657931181421,0.404567699836868
"151",151,16,0.635005873633737,0.401564931361531,0.269661056707504,0.228838022894211,-0.131903874654027,0.17,613,0.152657931181421,0.404567699836868
"152",152,24,0.358826347432974,0.207652956323738,0.299350128531544,0.264134636433292,0.0916971722078065,0.17,613,0.152657931181421,0.404567699836868
"153",153,8,0.0555284258367666,-0.0474921025694658,0.672146977376322,0.471110207618117,0.719639079945788,0.17,613,0.152657931181421,0.404567699836868
"154",154,9,0.0999464460267583,-0.158466738159953,0.557554878280791,0.376552075108682,0.716021616440744,0.17,613,0.152657931181421,0.404567699836868
"155",155,31,0.560369087329232,0.0789543723143721,0.0414617556376165,0.354659283092916,-0.0374926166767556,0.17,613,0.152657931181421,0.404567699836868
"156",156,17,0.461950838544242,0.13841629727715,0.17284638508728,0.200405494695883,0.0344300878101298,0.17,613,0.152657931181421,0.404567699836868
"157",157,9,0.640173796696974,-0.00537445638754319,-0.183475960592522,0.682447868664522,-0.178101504204979,0.17,613,0.152657931181421,0.404567699836868
"158",158,9,0.122105992954625,0.00493426178921473,0.494982524146284,0.296360326529786,0.490048262357069,0.17,613,0.152657931181421,0.404567699836868
"159",159,10,0.00927199310664911,-0.377151600812502,1.01355267650254,0.291290449791167,1.39070427731504,0.17,613,0.152657931181421,0.404567699836868
"160",160,8,0.048669596397071,-0.0846059686702857,0.719187748236862,0.573269584764253,0.803793716907147,0.17,613,0.152657931181421,0.404567699836868
"161",161,12,0.368976121664626,0.152343071050904,0.288984591093526,0.480847463801095,0.136641520042622,0.17,613,0.152657931181421,0.404567699836868
"162",162,15,0.0411792867028722,-0.421815492516927,0.218063653799107,0.251977494000756,0.639879146316034,0.17,613,0.152657931181421,0.404567699836868
"163",163,10,0.81259661678665,0.300488939398296,-0.112734193875079,0.360310132497458,-0.413223133273375,0.17,613,0.152657931181421,0.404567699836868
"164",164,9,0.215632896050019,-0.238679646886137,0.0291352767315486,0.0646943932423039,0.267814923617685,0.17,613,0.152657931181421,0.404567699836868
"165",165,27,0.403112043211159,0.154630408528404,0.223054386309416,0.176882565654084,0.0684239777810114,0.17,613,0.152657931181421,0.404567699836868
"166",166,13,0.797507599524754,0.280735273821934,0.0293584030237935,0.0645875955953183,-0.251376870798141,0.17,613,0.152657931181421,0.404567699836868
"167",167,7,0.022339864938441,-0.375571332014018,0.690708501554316,0.422497071127222,1.06627983356833,0.17,613,0.152657931181421,0.404567699836868
"168",168,18,0.42412477242109,0.0609191768950474,0.113305979163452,0.0330799637101963,0.0523868022684047,0.17,613,0.152657931181421,0.404567699836868
"169",169,13,0.122097484056716,-0.160084303918059,0.372459671945429,0.522772346800085,0.532543975863488,0.17,613,0.152657931181421,0.404567699836868
"170",170,13,0.141030243683836,0.351513411443074,0.893200035506848,0.399273324134333,0.541686624063774,0.17,613,0.152657931181421,0.404567699836868
"171",171,13,0.10399143297445,0.158392719791651,0.673334677520689,0.556361014021126,0.514941957729038,0.17,613,0.152657931181421,0.404567699836868
"172",172,9,0.205032981002387,0.0510253314600004,0.447566441917928,0.210883739806817,0.396541110457927,0.17,613,0.152657931181421,0.404567699836868
"173",173,9,0.771151707691505,0.317334924030925,-0.0366277330600081,0.107632160665099,-0.353962657090933,0.17,613,0.152657931181421,0.404567699836868
"174",174,10,0.027180621652798,-0.801291260268814,0.0606301943807858,0.215955566650545,0.8619214546496,0.17,613,0.152657931181421,0.404567699836868
"175",175,10,0.739976760190811,0.287701642221599,0.0772626940507207,0.15418263814255,-0.210438948170878,0.17,613,0.152657931181421,0.404567699836868
"176",176,10,0.142028889100072,-0.270704219062585,0.242144187214595,0.185571052405967,0.51284840627718,0.17,613,0.152657931181421,0.404567699836868
"177",177,9,0.139258028730495,-0.23674835448465,0.163891287051436,0.0891287471428977,0.400639641536086,0.17,613,0.152657931181421,0.404567699836868
"178",178,11,0.257299572040359,0.373634434369299,0.640675547029244,0.401835451870999,0.267041112659945,0.17,613,0.152657931181421,0.404567699836868
"179",179,13,0.0891648522343396,0.0506255900680622,0.650728752643369,0.314632293445129,0.600103162575307,0.17,613,0.152657931181421,0.404567699836868
"180",180,12,0.955502433069491,0.24953186862351,-0.385379613727144,0.0432806094470208,-0.634911482350654,0.17,613,0.152657931181421,0.404567699836868
"181",181,15,0.205967001914612,-0.580540755959529,-0.31406547716789,0.104141691184105,0.266475278791639,0.17,613,0.152657931181421,0.404567699836868
"182",182,11,0.500386251164523,0.0312304309218023,0.0308417512207117,0.462829743575739,-0.000388679701090633,0.17,613,0.152657931181421,0.404567699836868
"183",183,13,0.0580746835818637,-0.138449796411005,0.548938983859837,0.225622771817808,0.687388780270841,0.17,613,0.152657931181421,0.404567699836868
"184",184,20,0.65418298345421,0.204154234182067,0.09167983358365,0.0839973745868883,-0.112474400598417,0.17,613,0.152657931181421,0.404567699836868
"185",185,15,0.024481417246193,-0.234979735100599,0.414460211340767,0.372084500791235,0.649439946441366,0.17,613,0.152657931181421,0.404567699836868
"186",186,8,0.909002058644707,0.832997647396715,0.187817252727464,0.0904445453312361,-0.64518039466925,0.17,613,0.152657931181421,0.404567699836868
"187",187,9,0.0343962449774471,0.151472410620297,0.757800248022812,0.602925909677943,0.606327837402515,0.17,613,0.152657931181421,0.404567699836868
"188",188,15,0.116468889028644,-0.0968996988108727,0.354088722698203,0.0639518112152664,0.450988421509075,0.17,613,0.152657931181421,0.404567699836868
"189",189,13,0.139206190357801,-0.309423044790737,0.146590204820012,0.100884820671557,0.456013249610749,0.17,613,0.152657931181421,0.404567699836868
"190",190,22,0.199094102507491,-0.225385924109473,0.0347401564198396,0.228135525048685,0.260126080529312,0.17,613,0.152657931181421,0.404567699836868
"191",191,13,0.653051109177806,0.264145633393783,0.0830137102731924,0.422813396806306,-0.181131923120591,0.17,613,0.152657931181421,0.404567699836868
"192",192,23,0.0265126175851453,-0.0968214265865993,0.464911896784041,0.202875396183306,0.561733323370641,0.17,613,0.152657931181421,0.404567699836868
"193",193,14,0.359197779783764,0.0884928033546669,0.232310587121688,0.266991875018914,0.143817783767021,0.17,613,0.152657931181421,0.404567699836868
"194",194,10,0.788054076379958,0.357672872964969,0.0359614902035822,0.089527800207249,-0.321711382761387,0.17,613,0.152657931181421,0.404567699836868
"195",195,19,0.703472842756394,-0.0254925237531442,-0.180399825460636,0.281238212358934,-0.154907301707491,0.17,613,0.152657931181421,0.404567699836868
"196",196,10,0.180474554486219,-0.140539757252238,0.416797795410043,0.382918759922417,0.55733755266228,0.17,613,0.152657931181421,0.404567699836868
"197",197,11,0.135153151710386,-0.156155626657063,0.35818355181894,0.330390368002202,0.514339178476003,0.17,613,0.152657931181421,0.404567699836868
"198",198,14,0.154701801233063,-0.112950413339221,0.259477748918315,0.13781510375129,0.372428162257536,0.17,613,0.152657931181421,0.404567699836868
"199",199,16,0.190829554217304,0.215787691160327,0.49667519274852,0.0165823544022717,0.280887501588193,0.17,613,0.152657931181421,0.404567699836868
"200",200,10,0.185227972330145,-0.440487837062883,-0.13969013160526,0.0882642097415725,0.300797705457622,0.17,613,0.152657931181421,0.404567699836868
"201",201,14,0.533156480794374,-0.148106236485561,-0.173955432733598,0.0191564762444168,-0.0258491962480374,0.17,613,0.152657931181421,0.404567699836868
"202",202,11,0.019029460639541,-0.0211466108574753,0.810362325602664,0.327408995603315,0.83150893646014,0.17,613,0.152657931181421,0.404567699836868
"203",203,13,0.321306827706037,-0.0658782163673547,0.104969219370814,0.234442565843205,0.170847435738169,0.17,613,0.152657931181421,0.404567699836868
"204",204,17,0.577013665054509,0.313453500539377,0.250258019002467,0.326985936803149,-0.0631954815369098,0.17,613,0.152657931181421,0.404567699836868
"205",205,7,0.914173355435265,0.532253466693601,-0.233824089679867,0.198328790337214,-0.766077556373468,0.17,613,0.152657931181421,0.404567699836868
"206",206,12,0.0907297367367864,-0.453950132239377,-0.0259274471007242,0.207930695551036,0.428022685138653,0.17,613,0.152657931181421,0.404567699836868
"207",207,8,0.254478344388154,0.366347969483872,0.727718709996906,0.140378305936049,0.361370740513035,0.17,613,0.152657931181421,0.404567699836868
"208",208,15,0.0677803284960529,-0.309988672163419,0.313448128096705,0.398267786763179,0.623436800260124,0.17,613,0.152657931181421,0.404567699836868
"209",209,12,0.0266641020452415,0.0368347672484444,0.970487120993689,0.413773964417467,0.933652353745244,0.17,613,0.152657931181421,0.404567699836868
"210",210,12,0.175030453927344,-0.207704064926713,0.224816067504176,0.564971572424456,0.432520132430889,0.17,613,0.152657931181421,0.404567699836868
"211",211,16,0.149881330528122,0.184290427648574,0.626218283998615,0.234006733927812,0.441927856350041,0.17,613,0.152657931181421,0.404567699836868
"212",212,7,0.457792438006884,0.370063242333105,0.42900501818251,0.308499542901248,0.0589417758494051,0.17,613,0.152657931181421,0.404567699836868
"213",213,8,0.211994119341113,0.115567792674431,0.532827751860641,0.434201618891152,0.41725995918621,0.17,613,0.152657931181421,0.404567699836868
"214",214,7,0.75334012546514,0.152310493673044,-0.140350670183861,0.393725832390823,-0.292661163856905,0.17,613,0.152657931181421,0.404567699836868
"215",215,14,0.305815255057195,0.299145825898949,0.478574199814184,0.0413270163735767,0.179428373915235,0.17,613,0.152657931181421,0.404567699836868
"216",216,12,0.407685751403954,-0.0635106103192657,0.0235510819924325,0.110369068818597,0.0870616923116982,0.17,613,0.152657931181421,0.404567699836868
"217",217,10,0.67073122497002,0.639697773655262,0.411872901643287,0.408935294750984,-0.227824872011975,0.17,613,0.152657931181421,0.404567699836868
"218",218,16,0.102462607870147,-0.0298035356667515,0.448242746124196,0.35370752738937,0.478046281790948,0.17,613,0.152657931181421,0.404567699836868
"219",219,21,0.116565561229336,-0.00548727830109771,0.356075984076469,0.19829735806991,0.361563262377566,0.17,613,0.152657931181421,0.404567699836868
"220",220,9,0.045334691433711,-0.62713905165847,0.231852937651992,0.139329727390203,0.858991989310462,0.17,613,0.152657931181421,0.404567699836868
"221",221,16,0.0108634264843924,-0.115942959579334,0.710177716027726,0.251138900180325,0.82612067560706,0.17,613,0.152657931181421,0.404567699836868
"222",222,15,0.732977215202915,0.245821966427123,0.0553275300100881,0.285069167385859,-0.190494436417035,0.17,613,0.152657931181421,0.404567699836868
"223",223,17,0.0325839805132063,-0.196962767253411,0.435932315776363,0.353788159329415,0.632895083029774,0.17,613,0.152657931181421,0.404567699836868
"224",224,12,0.386660742731156,0.337875330237194,0.460273288238179,0.203206907531534,0.122397958000985,0.17,613,0.152657931181421,0.404567699836868
"225",225,16,0.853210041329265,0.378387141725134,0.0139596131695225,0.165006921758259,-0.364427528555611,0.17,613,0.152657931181421,0.404567699836868
"226",226,16,0.534054974121746,0.360499049253075,0.331764221656682,0.211760802999102,-0.0287348275963935,0.17,613,0.152657931181421,0.404567699836868
"227",227,8,0.0582925046905452,0.0471751262061923,0.830892930852143,0.348293207300559,0.783717804645951,0.17,613,0.152657931181421,0.404567699836868
"228",228,20,0.00144342660971913,-0.280436683260958,0.71204527403265,0.521053179137927,0.992481957293608,0.17,613,0.152657931181421,0.404567699836868
"229",229,19,0.197305794198398,-0.151168958140118,0.138478658546323,0.241805581691592,0.289647616686441,0.17,613,0.152657931181421,0.404567699836868
"230",230,15,0.103085264423283,-0.423813541559515,0.0187535672882732,0.267300419098287,0.442567108847788,0.17,613,0.152657931181421,0.404567699836868
"231",231,16,0.00413907227294878,-0.22471058042333,0.853293777167489,0.173312656461334,1.07800435759082,0.17,613,0.152657931181421,0.404567699836868
"232",232,13,0.45396745753933,-0.167112925612395,-0.116630083337228,0.234585107903754,0.0504828422751667,0.17,613,0.152657931181421,0.404567699836868
"233",233,12,0.252676137434328,-0.271025980805993,-0.0145143211402891,0.0948794068900265,0.256511659665704,0.17,613,0.152657931181421,0.404567699836868
"234",234,13,0.512979624917161,0.218122047255721,0.204873528487827,0.395962380012857,-0.0132485187678943,0.17,613,0.152657931181421,0.404567699836868
"235",235,11,0.391246468594912,0.102396657056709,0.250942630143978,0.0952463633028361,0.148545973087269,0.17,613,0.152657931181421,0.404567699836868
"236",236,20,0.0646680158170835,0.174150376004405,0.595986685507554,0.365625073323726,0.421836309503148,0.17,613,0.152657931181421,0.404567699836868
"237",237,23,0.233218642205498,0.0596830217100207,0.279679156199986,0.187251858220566,0.219996134489966,0.17,613,0.152657931181421,0.404567699836868
"238",238,13,0.00342397409563545,-0.437901720426022,0.873850951611383,0.505438432661717,1.31175267203741,0.17,613,0.152657931181421,0.404567699836868
"239",239,15,0.54663201334572,0.313802551608928,0.266769569060377,0.572081075553186,-0.0470329825485514,0.17,613,0.152657931181421,0.404567699836868
"240",240,15,0.229914099629931,0.171405678700558,0.474458550354597,0.707880206706768,0.303052871654039,0.17,613,0.152657931181421,0.404567699836868
"241",241,11,0.984310382811253,0.5252104405348,-0.507517061233293,0.142527798911583,-1.03272750176809,0.17,613,0.152657931181421,0.404567699836868
"242",242,12,0.542466211858285,0.203697872524605,0.151960037781582,0.380702226803989,-0.0517378347430225,0.17,613,0.152657931181421,0.404567699836868
"243",243,12,0.0210012261308962,-0.303282977541407,0.518113257669668,0.534203332878631,0.821396235211075,0.17,613,0.152657931181421,0.404567699836868
"244",244,10,0.189305985346188,-0.0810418909954184,0.397507438176099,0.434489907515306,0.478549329171517,0.17,613,0.152657931181421,0.404567699836868
"245",245,19,0.306271993559781,0.462581536059504,0.630996025645584,0.549777642082218,0.16841448958608,0.17,613,0.152657931181421,0.404567699836868
"246",246,16,0.137735483302526,-0.0419018270104728,0.364771590942803,0.00858033491323185,0.406673417953275,0.17,613,0.152657931181421,0.404567699836868
"247",247,8,0.670979975966207,0.237969562979722,0.0319847237220391,0.360587482665018,-0.205984839257683,0.17,613,0.152657931181421,0.404567699836868
"248",248,13,0.0448515861366883,-0.186653547331313,0.531029602885848,0.207452563798785,0.71768315021716,0.17,613,0.152657931181421,0.404567699836868
"249",249,14,0.750795974216069,0.255779342913988,0.0119756278403106,0.113833983231379,-0.243803715073677,0.17,613,0.152657931181421,0.404567699836868
"250",250,12,0.251457686195243,0.0836235535062151,0.351552452303126,0.531285327917805,0.267928898796911,0.17,613,0.152657931181421,0.404567699836868
"251",251,10,0.296058210849554,-0.277319035820317,-0.0135191298954412,0.203101814466465,0.263799905924875,0.17,613,0.152657931181421,0.404567699836868
"252",252,23,0.280091051198582,-0.02759835512827,0.139530314614385,0.0239257781474839,0.167128669742655,0.17,613,0.152657931181421,0.404567699836868
"253",253,11,0.00966092437734133,-0.272731705178816,0.807554285687414,0.391413612288118,1.08028599086623,0.17,613,0.152657931181421,0.404567699836868
"254",254,14,0.151115261233108,-0.129595688879589,0.240837558489843,0.0854676221214213,0.370433247369432,0.17,613,0.152657931181421,0.404567699836868
"255",255,9,0.0278715022105446,-0.272302608422006,0.811299046605867,0.709353442187898,1.08360165502787,0.17,613,0.152657931181421,0.404567699836868
"256",256,25,0.329910406832871,0.0686346828502474,0.198378091140308,0.397071405809287,0.12974340829006,0.17,613,0.152657931181421,0.404567699836868
"257",257,11,0.56728028176469,0.259192786895716,0.184700494099195,0.347164349077474,-0.0744922927965216,0.17,613,0.152657931181421,0.404567699836868
"258",258,10,0.826103031124848,0.322609312201176,-0.160887369327121,0.138259936790982,-0.483496681528297,0.17,613,0.152657931181421,0.404567699836868
"259",259,10,0.315754166293606,0.0479924793624418,0.294298457007657,0.15196360490434,0.246305977645215,0.17,613,0.152657931181421,0.404567699836868
"260",260,10,0.0966861334815532,-0.120840086111545,0.44223349515951,0.348693439136997,0.563073581271055,0.17,613,0.152657931181421,0.404567699836868
"261",261,9,0.330166642362384,-0.159993630587936,-0.00809240783138373,0.0336707900582928,0.151901222756552,0.17,613,0.152657931181421,0.404567699836868
"262",262,9,0.169415814504576,-0.0718065486135537,0.386975062721804,0.117810765869078,0.458781611335358,0.17,613,0.152657931181421,0.404567699836868
"263",263,12,0.0187470695950888,-0.253870915291767,0.693208104768802,0.338785209934021,0.947079020060569,0.17,613,0.152657931181421,0.404567699836868
"264",264,12,0.353015827115878,-0.248647934122668,-0.11192422863037,0.124692178060398,0.136723705492298,0.17,613,0.152657931181421,0.404567699836868
"265",265,12,0.259533901712846,-0.0352921041099937,0.275243455062179,0.179232904239484,0.310535559172173,0.17,613,0.152657931181421,0.404567699836868
"266",266,19,0.31349194698838,0.277311200666136,0.419545270494648,0.209861006641696,0.142234069828512,0.17,613,0.152657931181421,0.404567699836868
"267",267,23,0.00854869050763364,-0.374122676729519,0.496704449312871,0.299332405781066,0.870827126042391,0.17,613,0.152657931181421,0.404567699836868
"268",268,9,0.589494398013415,0.163111274001928,0.0645488678966506,0.31795985732265,-0.0985624061052777,0.17,613,0.152657931181421,0.404567699836868
"269",269,8,0.688035649981461,-0.473635912095589,-0.725014368857304,0.170742007855619,-0.251378456761715,0.17,613,0.152657931181421,0.404567699836868
"270",270,22,0.333806340162539,-0.0286675128744899,0.0931576322096831,0.0247807508577203,0.121825145084173,0.17,613,0.152657931181421,0.404567699836868
"271",271,14,0.031628721136211,-0.313589763003195,0.3797147352195,0.137937301227687,0.693304498222695,0.17,613,0.152657931181421,0.404567699836868
"272",272,10,0.0163591850496658,-0.0494711303390638,0.773847091995601,0.699130815807713,0.823318222334665,0.17,613,0.152657931181421,0.404567699836868
"273",273,10,0.164045827563463,-0.262840074943835,0.210064720993564,0.230857745335921,0.472904795937399,0.17,613,0.152657931181421,0.404567699836868
"274",274,11,0.595541509676834,0.23812395542779,0.121506402884845,0.215545089601205,-0.116617552542946,0.17,613,0.152657931181421,0.404567699836868
"275",275,12,0.870649528247153,-0.119402038835775,-0.459061739526908,0.0347245300796114,-0.339659700691133,0.17,613,0.152657931181421,0.404567699836868
"276",276,8,0.145408588514019,0.323780833966476,0.727065819446516,0.460389327998793,0.40328498548004,0.17,613,0.152657931181421,0.404567699836868
"277",277,9,0.552730201568715,0.48944875535409,0.415543011161152,0.0805191536391602,-0.0739057441929379,0.17,613,0.152657931181421,0.404567699836868
"278",278,8,0.1042627812736,-0.0586673181388368,0.412760689128767,0.209174737316156,0.471428007267604,0.17,613,0.152657931181421,0.404567699836868
"279",279,18,0.469358460057449,0.200212203144906,0.2248628518329,0.522809164865283,0.0246506486879945,0.17,613,0.152657931181421,0.404567699836868
"280",280,17,0.0038624792153625,-0.255405840845364,0.472537153963877,0.409487875980595,0.727942994809241,0.17,613,0.152657931181421,0.404567699836868
"281",281,12,0.0401507754546806,-0.24984606751361,0.493753313325121,0.440422316221647,0.743599380838731,0.17,613,0.152657931181421,0.404567699836868
"282",282,24,0.436122417496722,0.225609487612228,0.266475855280654,0.259281765692635,0.0408663676684252,0.17,613,0.152657931181421,0.404567699836868
"283",283,17,0.188493380696909,0.0596900216264155,0.38792274633354,0.259490650871644,0.328232724707125,0.17,613,0.152657931181421,0.404567699836868
"284",284,13,0.294712399939148,-0.320920098486993,-0.0978486232639075,0.106098324551679,0.223071475223086,0.17,613,0.152657931181421,0.404567699836868
"285",285,7,0.0833265152626107,0.0100142917636283,0.712474201015126,0.735521314575813,0.702459909251497,0.17,613,0.152657931181421,0.404567699836868
"286",286,17,0.0185481757922563,-0.205944823231288,0.489128188926067,0.439024802064714,0.695073012157355,0.17,613,0.152657931181421,0.404567699836868
"287",287,9,0.0410213557525271,-0.502843842101865,0.439329187619515,0.412815090402951,0.94217302972138,0.17,613,0.152657931181421,0.404567699836868
"288",288,13,0.58330616270562,-0.10614550329187,-0.183314899903989,0.184344247406345,-0.0771693966121189,0.17,613,0.152657931181421,0.404567699836868
"289",289,20,0.0341718764733859,-0.127185290536976,0.395915107084898,0.387425084745656,0.523100397621874,0.17,613,0.152657931181421,0.404567699836868
"290",290,9,0.0322854356700452,-0.719952453626462,0.367702072374764,0.253755846971031,1.08765452600123,0.17,613,0.152657931181421,0.404567699836868
"291",291,7,0.0818299822602784,0.491559600738751,1.18291985896073,0.30808608738216,0.691360258221978,0.17,613,0.152657931181421,0.404567699836868
"292",292,18,0.00054278830420952,-0.457401607288451,0.93580686762728,0.778569969364212,1.39320847491573,0.17,613,0.152657931181421,0.404567699836868
"293",293,31,0.583774468974064,-0.0397055810197308,-0.0943407664693745,0.0230426241170475,-0.0546351854496436,0.17,613,0.152657931181421,0.404567699836868
"294",294,7,0.383055405452714,-0.0856459131515707,0.0663891079539108,0.10949239228502,0.152035021105482,0.17,613,0.152657931181421,0.404567699836868
"295",295,21,0.157090077723939,-0.00484259861166808,0.339899502155824,0.208321640902569,0.344742100767492,0.17,613,0.152657931181421,0.404567699836868
"296",296,17,0.0120329520301128,-0.185838562250282,0.626189786173181,0.391580553287192,0.812028348423464,0.17,613,0.152657931181421,0.404567699836868
"297",297,11,0.438065050700354,0.00978305053401417,0.064069772162165,0.217581576052108,0.0542867216281508,0.17,613,0.152657931181421,0.404567699836868
"298",298,11,0.0585077023843438,-0.0885891634487551,0.695012249453918,0.589302639858907,0.783601412902673,0.17,613,0.152657931181421,0.404567699836868
"299",299,10,0.407949294017851,0.413704751906577,0.517448427295102,0.303703768805801,0.103743675388525,0.17,613,0.152657931181421,0.404567699836868
"300",300,18,0.0333362884342997,0.0945685033137507,0.700958428031073,0.340451910115866,0.606389924717322,0.17,613,0.152657931181421,0.404567699836868
"301",301,10,0.922241331990957,0.21085451132142,-0.334137410529932,0.101631321998777,-0.544991921851352,0.17,613,0.152657931181421,0.404567699836868
"302",302,8,0.118427487051844,-0.391384349869998,0.37707573515743,0.1118280136518,0.768460085027429,0.17,613,0.152657931181421,0.404567699836868
"303",303,6,0.198126568625612,0.208038052049605,0.599374486196649,0.621928604591309,0.391336434147044,0.17,613,0.152657931181421,0.404567699836868
"304",304,16,0.55739284482948,0.168066366378179,0.112313113153082,0.231652680797561,-0.0557532532250967,0.17,613,0.152657931181421,0.404567699836868
"305",305,17,0.88229665954593,0.46324896637205,-0.00417895196499534,0.124364252418002,-0.467427918337046,0.17,613,0.152657931181421,0.404567699836868
"306",306,16,0.56104424469773,0.174562223980169,0.114237075326089,0.25235859876215,-0.0603251486540804,0.17,613,0.152657931181421,0.404567699836868
"307",307,26,0.00140118694416046,-0.148683621540576,0.768959395324456,0.453518249384657,0.917643016865032,0.17,613,0.152657931181421,0.404567699836868
"308",308,14,0.0883043365106792,-0.309462590963311,0.182897403774212,0.423917840093374,0.492359994737522,0.17,613,0.152657931181421,0.404567699836868
"309",309,15,0.201205243059747,0.0515983539100859,0.29088914004087,0.354818414461569,0.239290786130784,0.17,613,0.152657931181421,0.404567699836868
"310",310,20,0.861595491819379,0.141037588342996,-0.248317414085324,0.0191791980704328,-0.389355002428321,0.17,613,0.152657931181421,0.404567699836868
"311",311,55,0.0950918138461044,-0.0300222670250767,0.210732531228446,0.227058551202468,0.240754798253523,0.17,613,0.152657931181421,0.404567699836868
"312",312,25,0.49794409513284,0.0598308046902428,0.0611083635618869,0.17313106142117,0.0012775588716441,0.17,613,0.152657931181421,0.404567699836868
"313",313,13,0.147175494190744,-0.00147398725200939,0.491214946364503,0.361332308617612,0.492688933616512,0.17,613,0.152657931181421,0.404567699836868
"314",314,12,0.0750105604741624,-0.307595164034249,0.131143025607638,0.142517426692788,0.438738189641886,0.17,613,0.152657931181421,0.404567699836868
"315",315,13,0.591495495551066,-0.0162006358323992,-0.117440751988041,0.212175659740451,-0.101240116155642,0.17,613,0.152657931181421,0.404567699836868
"316",316,7,0.266630224068911,-0.0322523030101635,0.304694810524375,0.403615940118923,0.336947113534538,0.17,613,0.152657931181421,0.404567699836868
"317",317,13,0.276612787293623,0.00411932847557101,0.237441701174735,0.186171348930263,0.233322372699164,0.17,613,0.152657931181421,0.404567699836868
"318",318,10,0.747396950710095,0.450663941041946,0.183292077306581,0.474278208028819,-0.267371863735365,0.17,613,0.152657931181421,0.404567699836868
"319",319,12,0.023909029045036,-0.361508830395263,0.627698060754401,0.206903535973479,0.989206891149665,0.17,613,0.152657931181421,0.404567699836868
"320",320,15,0.00476465463321189,-0.321834713365139,0.660640387476585,0.120985794886761,0.982475100841724,0.17,613,0.152657931181421,0.404567699836868
"321",321,12,0.0771984902385533,-0.111660275087467,0.644882108686094,0.322250904184738,0.756542383773561,0.17,613,0.152657931181421,0.404567699836868
"322",322,18,0.133844393058476,-0.065728485757461,0.242841501601811,0.324636603777127,0.308569987359272,0.17,613,0.152657931181421,0.404567699836868
"323",323,13,0.446581896442081,-0.275439256635804,-0.234290031750918,0.125015585259973,0.0411492248848854,0.17,613,0.152657931181421,0.404567699836868
"324",324,8,0.0879100379847741,0.0443566662361477,0.744403785389113,0.705837151887396,0.700047119152966,0.17,613,0.152657931181421,0.404567699836868
"325",325,10,0.546469450739182,0.217903319772579,0.158995192539397,0.0688723331653634,-0.0589081272331822,0.17,613,0.152657931181421,0.404567699836868
"326",326,6,0.375928813413053,-0.18354997931218,-0.00244565958770337,0.149836182001752,0.181104319724477,0.17,613,0.152657931181421,0.404567699836868
"327",327,14,0.158269814582855,0.187276116875402,0.52179030345394,0.423065861495501,0.334514186578538,0.17,613,0.152657931181421,0.404567699836868
"328",328,7,0.019805550987661,-0.715838448166806,0.543606760054875,0.560750295007229,1.25944520822168,0.17,613,0.152657931181421,0.404567699836868
"329",329,13,0.164176589902944,0.179229220687814,0.552363857938464,0.343561894325743,0.373134637250651,0.17,613,0.152657931181421,0.404567699836868
"330",330,13,0.0795769367339214,0.00583822663654187,0.680708726334524,0.268431802059409,0.674870499697982,0.17,613,0.152657931181421,0.404567699836868
"331",331,10,0.19174531069127,0.0299490636454214,0.410107218105151,0.0594371703756935,0.38015815445973,0.17,613,0.152657931181421,0.404567699836868
"332",332,13,0.126670831395025,-0.561156058304904,-0.104231508380268,0.0253920961956944,0.456924549924635,0.17,613,0.152657931181421,0.404567699836868
"333",333,15,0.0327999502991174,0.173272692083655,0.803547661729536,0.770919304029766,0.630274969645881,0.17,613,0.152657931181421,0.404567699836868
"334",334,9,0.00873008731999975,-0.440295764132095,0.971528006324751,0.50462309247519,1.41182377045685,0.17,613,0.152657931181421,0.404567699836868
"335",335,10,0.371233130025383,-0.0812840960813099,0.0456452849088978,0.319961382496524,0.126929380990208,0.17,613,0.152657931181421,0.404567699836868
"336",336,17,0.16700882070953,-0.247689171594335,0.0685549437079062,0.0774531440433256,0.316244115302242,0.17,613,0.152657931181421,0.404567699836868
"337",337,9,0.313857866751641,0.00123361304142998,0.194231577188398,0.289341323727657,0.192997964146968,0.17,613,0.152657931181421,0.404567699836868
"338",338,20,0.23451363860661,0.179876503895104,0.397476926246586,0.274132071732355,0.217600422351482,0.17,613,0.152657931181421,0.404567699836868
"339",339,10,0.0141269020286887,-0.378594146452316,0.420147477547305,0.392206353610797,0.798741623999621,0.17,613,0.152657931181421,0.404567699836868
"340",340,23,0.650654712704078,0.161314798639875,0.0672101762962223,0.0949575125831056,-0.0941046223436526,0.17,613,0.152657931181421,0.404567699836868
"341",341,14,0.0414096949661226,-0.337482900092221,0.335796783843475,0.237843420230285,0.673279683935697,0.17,613,0.152657931181421,0.404567699836868
"342",342,16,0.174959504771685,-0.018370739084159,0.2762820004063,0.166265677357787,0.294652739490459,0.17,613,0.152657931181421,0.404567699836868
"343",343,21,0.14009543749557,-0.263339585732847,0.0850732838704854,0.297279311627068,0.348412869603333,0.17,613,0.152657931181421,0.404567699836868
"344",344,17,0.188676447458465,0.0518261542839178,0.375355927273813,0.569688997218298,0.323529772989895,0.17,613,0.152657931181421,0.404567699836868
"345",345,11,0.545172682305597,0.208009733767469,0.158899838069639,0.2385285873313,-0.0491098956978296,0.17,613,0.152657931181421,0.404567699836868
"346",346,16,0.241105908978557,0.115785324837405,0.387765814504605,0.195214061786478,0.271980489667201,0.17,613,0.152657931181421,0.404567699836868
"347",347,11,0.0902754389218989,-0.0287931150358411,0.665096049369444,0.322755680643857,0.693889164405285,0.17,613,0.152657931181421,0.404567699836868
"348",348,10,0.72164523507901,0.120990361934873,-0.100093831225848,0.24189024450207,-0.221084193160721,0.17,613,0.152657931181421,0.404567699836868
"349",349,5,0.315285270331617,-0.128059944714922,0.206370209077424,0.308088828671306,0.334430153792347,0.17,613,0.152657931181421,0.404567699836868
"350",350,11,0.887708886897101,0.669991403388525,0.166581613066424,0.418544278474192,-0.503409790322101,0.17,613,0.152657931181421,0.404567699836868
"351",351,9,0.677101146224553,0.216133909632051,-0.116348813766684,0.352833697359888,-0.332482723398735,0.17,613,0.152657931181421,0.404567699836868
"352",352,9,0.149344138990541,-0.134920378372388,0.47526008525643,0.195525567464346,0.610180463628818,0.17,613,0.152657931181421,0.404567699836868
"353",353,15,0.785549726679987,0.0293507681561047,-0.287199272247035,0.0331564943308485,-0.31655004040314,0.17,613,0.152657931181421,0.404567699836868
"354",354,11,0.560636903835593,0.55134549562037,0.474112734931307,0.347925205400608,-0.0772327606890634,0.17,613,0.152657931181421,0.404567699836868
"355",355,7,0.935332263555658,0.874340998857864,0.0348770053841437,0.156244340296959,-0.83946399347372,0.17,613,0.152657931181421,0.404567699836868
"356",356,13,0.36240203983865,-0.0713745718958509,0.0167564770934499,0.176834158335171,0.0881310489893008,0.17,613,0.152657931181421,0.404567699836868
"357",357,10,0.0483242283363299,-0.658956571843267,0.306451940462197,0.452934417030261,0.965408512305464,0.17,613,0.152657931181421,0.404567699836868
"358",358,15,0.241807584042945,-0.370633175842793,-0.179994905354452,0.115700630193421,0.190638270488341,0.17,613,0.152657931181421,0.404567699836868
"359",359,8,0.116148752911173,0.317391497587689,0.796270683526694,0.444067976162886,0.478879185939004,0.17,613,0.152657931181421,0.404567699836868
"360",360,15,0.204328940952937,-0.0598526576117926,0.20430927920529,0.132240260402353,0.264161936817083,0.17,613,0.152657931181421,0.404567699836868
"361",361,14,0.280408894760636,0.102778054491602,0.398506372669648,0.441803459375936,0.295728318178047,0.17,613,0.152657931181421,0.404567699836868
"362",362,10,0.549267647177487,0.249930214490965,0.196847667610014,0.403590208242639,-0.0530825468809508,0.17,613,0.152657931181421,0.404567699836868
"363",363,16,0.891690068857315,0.177016516372192,-0.27103877972249,0.148902005397395,-0.448055296094682,0.17,613,0.152657931181421,0.404567699836868
"364",364,27,0.00470879551255603,-0.233274392635261,0.432653122023444,0.254697835135841,0.665927514658705,0.17,613,0.152657931181421,0.404567699836868
"365",365,14,0.426681916988932,0.456812809397025,0.533647751921707,0.228309702074321,0.0768349425246824,0.17,613,0.152657931181421,0.404567699836868
"366",366,26,0.577222357823585,0.316153090422738,0.256532660713724,0.151748978982675,-0.0596204297090132,0.17,613,0.152657931181421,0.404567699836868
"367",367,13,0.300768008338531,-0.00165217842988059,0.217895137223902,0.0710362043454189,0.219547315653783,0.17,613,0.152657931181421,0.404567699836868
"368",368,13,0.00865524164576515,-0.133657881515725,0.81677481148416,0.560569630541501,0.950432692999885,0.17,613,0.152657931181421,0.404567699836868
"369",369,12,0.323019931320054,0.182906794342879,0.426847327038754,0.11793808901698,0.243940532695874,0.17,613,0.152657931181421,0.404567699836868
"370",370,13,0.0105707016784652,-0.284043296319275,0.647416671820114,0.336441489503161,0.931459968139388,0.17,613,0.152657931181421,0.404567699836868
"371",371,13,0.106819000286787,-0.103384148737417,0.593421451048716,0.163606751536794,0.696805599786133,0.17,613,0.152657931181421,0.404567699836868
"372",372,7,0.0235087860140932,-0.75182292027973,0.185809613275693,0.315095462937357,0.937632533555423,0.17,613,0.152657931181421,0.404567699836868
"373",373,9,0.219081604006518,-0.3339623714184,0.0978982750793541,0.218178948686089,0.431860646497755,0.17,613,0.152657931181421,0.404567699836868
"374",374,13,0.44468841831816,0.298136423785012,0.355904682549404,0.506896775108315,0.0577682587643925,0.17,613,0.152657931181421,0.404567699836868
"375",375,10,0.00134279711466136,0.130112264602931,1.67300317788928,0.494689184179516,1.54289091328635,0.17,613,0.152657931181421,0.404567699836868
"376",376,7,0.835974344923085,-0.0220470344486444,-0.482267673428412,0.263076588105336,-0.460220638979767,0.17,613,0.152657931181421,0.404567699836868
"377",377,12,0.0227437926985098,-0.620108923507467,0.137857884923695,0.123342191200609,0.757966808431162,0.17,613,0.152657931181421,0.404567699836868
"378",378,24,0.125587957953921,-0.168158342838218,0.146957026219028,0.08773902272556,0.315115369057246,0.17,613,0.152657931181421,0.404567699836868
"379",379,14,0.649161962859794,0.00241559248831546,-0.12843587177921,0.0815271681722144,-0.130851464267525,0.17,613,0.152657931181421,0.404567699836868
"380",380,14,0.511837524605849,0.0787048426775955,0.0687752676901803,0.310322495059199,-0.00992957498741515,0.17,613,0.152657931181421,0.404567699836868
"381",381,18,0.757023582819194,0.110435256023876,-0.0930324318611594,0.0461823947253075,-0.203467687885036,0.17,613,0.152657931181421,0.404567699836868
"382",382,12,0.250482303258901,-0.0933950055010298,0.165213459648998,0.192336411197468,0.258608465150028,0.17,613,0.152657931181421,0.404567699836868
"383",383,20,0.129441264027592,-0.322129249790531,0.0224630760681488,0.209817914347451,0.34459232585868,0.17,613,0.152657931181421,0.404567699836868
"384",384,9,0.661441236414,0.379142605539339,0.210449076627648,0.271063294368897,-0.16869352891169,0.17,613,0.152657931181421,0.404567699836868
"385",385,10,0.0580638382897453,-0.290633519268867,0.352017407461142,0.29096605533297,0.64265092673001,0.17,613,0.152657931181421,0.404567699836868
"386",386,12,0.812507611402743,0.189563364961287,-0.100103209663822,0.175411503341804,-0.289666574625108,0.17,613,0.152657931181421,0.404567699836868
"387",387,13,0.846122283900615,0.52559562013104,0.218255899378807,0.158800700066267,-0.307339720752233,0.17,613,0.152657931181421,0.404567699836868
"388",388,14,0.89565934718377,0.254993723348146,-0.272552851613446,0.113735148957648,-0.527546574961592,0.17,613,0.152657931181421,0.404567699836868
"389",389,11,0.528955115248939,0.162452637246399,0.133797525765359,0.192849438139155,-0.02865511148104,0.17,613,0.152657931181421,0.404567699836868
"390",390,19,0.120258665154015,0.0560845647436632,0.407640777749823,0.289384274864482,0.351556213006159,0.17,613,0.152657931181421,0.404567699836868
"391",391,33,0.062108305263666,0.00236268773024645,0.388949883007033,0.278060632446153,0.386587195276786,0.17,613,0.152657931181421,0.404567699836868
"392",392,7,0.641640525011374,0.397418288242059,0.217615175928165,0.343680409579466,-0.179803112313894,0.17,613,0.152657931181421,0.404567699836868
"393",393,21,0.796100582100583,0.368685363724487,0.0432711071739821,0.198881508476841,-0.325414256550505,0.17,613,0.152657931181421,0.404567699836868
"394",394,13,0.0144835052175657,-0.748284333360836,0.0830719482206564,0.403752049590232,0.831356281581493,0.17,613,0.152657931181421,0.404567699836868
"395",395,8,0.0237289369898853,-0.453706840795872,0.60257785121103,0.505034060344715,1.0562846920069,0.17,613,0.152657931181421,0.404567699836868
"396",396,16,0.033876809829485,-0.238288720894107,0.357025754301436,0.0332953708718192,0.595314475195543,0.17,613,0.152657931181421,0.404567699836868
"397",397,14,0.675459301577794,0.278934246826379,0.0514531831113454,0.104520134175141,-0.227481063715034,0.17,613,0.152657931181421,0.404567699836868
"398",398,17,0.291312502453678,0.377832827979874,0.574947951232934,0.350674045648713,0.19711512325306,0.17,613,0.152657931181421,0.404567699836868
"399",399,8,0.166270443964707,0.383056998330828,1.02864121344361,0.251787602984905,0.645584215112778,0.17,613,0.152657931181421,0.404567699836868
"400",400,21,0.4584699795145,-0.0267135341605432,0.0215772166220304,0.183127045400414,0.0482907507825736,0.17,613,0.152657931181421,0.404567699836868
"401",401,10,0.950089436608224,0.431676098390614,-0.0868355327281268,0.0214490346475699,-0.518511631118741,0.17,613,0.152657931181421,0.404567699836868
"402",402,11,0.237453443898882,-0.112731297547768,0.165833028240876,0.0528041932909971,0.278564325788644,0.17,613,0.152657931181421,0.404567699836868
"403",403,18,0.738787451988882,0.177136504521074,-0.0244851311955454,0.271232454722273,-0.20162163571662,0.17,613,0.152657931181421,0.404567699836868
"404",404,12,0.740717931778392,0.160229720650444,-0.0530414050365897,0.0348291254042108,-0.213271125687033,0.17,613,0.152657931181421,0.404567699836868
"405",405,10,0.0162671929288734,-0.659282743194765,0.630122881274431,0.238676700237875,1.2894056244692,0.17,613,0.152657931181421,0.404567699836868
"406",406,31,0.232667499084025,0.0818436891564269,0.255992927239836,0.277229899383282,0.174149238083409,0.17,613,0.152657931181421,0.404567699836868
"407",407,11,0.265865331049184,0.143449378163127,0.39592864393984,0.187493981116718,0.252479265776713,0.17,613,0.152657931181421,0.404567699836868
"408",408,25,0.645933842019839,0.281073062672166,0.181809895050075,0.202160945387181,-0.0992631676220906,0.17,613,0.152657931181421,0.404567699836868
"409",409,12,0.868111263002655,0.242290233902723,-0.28275099031274,0.0632201960718061,-0.525041224215463,0.17,613,0.152657931181421,0.404567699836868
"410",410,9,0.42244299558052,-0.0432857490477588,0.0121379546548736,0.646442709379664,0.0554237037026324,0.17,613,0.152657931181421,0.404567699836868
"411",411,10,0.839734055217004,0.772002359473345,0.218871586980367,0.415698870340584,-0.553130772492978,0.17,613,0.152657931181421,0.404567699836868
"412",412,18,0.697661648747815,0.124912121201835,-0.0317079997753889,0.284570311472625,-0.156620120977224,0.17,613,0.152657931181421,0.404567699836868
"413",413,17,0.351573622839574,-0.0702583645392859,0.0494083219404721,0.116169097978013,0.119666686479758,0.17,613,0.152657931181421,0.404567699836868
"414",414,10,0.0811098861231729,0.0966164261974424,0.641094865534901,0.0320159275778033,0.544478439337459,0.17,613,0.152657931181421,0.404567699836868
"415",415,20,0.934497030022962,0.207569833400858,-0.213864408741036,0.0578246688597933,-0.421434242141895,0.17,613,0.152657931181421,0.404567699836868
"416",416,12,0.0258387828853088,-0.220196344109024,0.704999082944799,0.35438955934369,0.925195427053823,0.17,613,0.152657931181421,0.404567699836868
"417",417,12,0.0173848203179588,0.172565501765289,1.03585400114752,0.62354607202634,0.86328849938223,0.17,613,0.152657931181421,0.404567699836868
"418",418,10,0.644914070810271,0.458233490184412,0.288610639623499,0.22197501400327,-0.169622850560912,0.17,613,0.152657931181421,0.404567699836868
"419",419,15,0.155192884638789,-0.145467047412401,0.26385506042314,0.0519771493204388,0.409322107835541,0.17,613,0.152657931181421,0.404567699836868
"420",420,16,0.0818298363221548,-0.381071143962154,0.0326671309151408,0.156820313796398,0.413738274877295,0.17,613,0.152657931181421,0.404567699836868
"421",421,12,0.00689688230341449,-0.0217477068431228,0.926011139736402,0.557386771505735,0.947758846579525,0.17,613,0.152657931181421,0.404567699836868
"422",422,10,0.0270374682228111,0.0590263876948585,0.67813970447317,0.659295373752757,0.619113316778311,0.17,613,0.152657931181421,0.404567699836868
"423",423,11,0.731109096084516,0.21397825141921,-0.0657215666269695,0.366795355576798,-0.27969981804618,0.17,613,0.152657931181421,0.404567699836868
"424",424,11,0.586088300413062,-0.0284209231484869,-0.101751609772988,0.212328316332974,-0.0733306866245009,0.17,613,0.152657931181421,0.404567699836868
"425",425,11,0.89585267977607,0.312345608068873,-0.153181179748197,0.17731216690957,-0.46552678781707,0.17,613,0.152657931181421,0.404567699836868
"426",426,7,0.0322196990336682,-0.216793512522759,0.498008347211791,0.778013239073876,0.71480185973455,0.17,613,0.152657931181421,0.404567699836868
"427",427,20,0.0139563677843359,-0.222695975970633,0.463518221286051,0.524830523260194,0.686214197256684,0.17,613,0.152657931181421,0.404567699836868
"428",428,10,0.0254675822074363,-0.232925488256905,0.447897738311002,0.0997516053165552,0.680823226567907,0.17,613,0.152657931181421,0.404567699836868
"429",429,19,0.00753843989503306,-0.698637748241308,0.229721392871625,0.164357598228147,0.928359141112933,0.17,613,0.152657931181421,0.404567699836868
"430",430,11,0.442682751475154,-0.0854751913122723,-0.0291779917601991,0.312774962698064,0.0562971995520732,0.17,613,0.152657931181421,0.404567699836868
"431",431,13,0.0533629857985072,0.246425072271929,0.786227141990907,0.578065988926965,0.539802069718978,0.17,613,0.152657931181421,0.404567699836868
"432",432,18,0.867516065688816,0.0938263566691972,-0.28880971773785,0.174744994802708,-0.382636074407047,0.17,613,0.152657931181421,0.404567699836868
"433",433,13,0.080295735181629,-0.0522364324344048,0.491625200510876,0.269557761855425,0.543861632945281,0.17,613,0.152657931181421,0.404567699836868
"434",434,11,0.805730049302117,0.289011133486074,-0.122337108341918,0.167429858272949,-0.411348241827992,0.17,613,0.152657931181421,0.404567699836868
"435",435,16,0.161424711188267,-0.0974287857999972,0.269595471453241,0.451755598973815,0.367024257253238,0.17,613,0.152657931181421,0.404567699836868
"436",436,25,0.581632512846512,0.240643403227377,0.19349877686249,0.0063929316745482,-0.0471446263648868,0.17,613,0.152657931181421,0.404567699836868
"437",437,13,0.770411901186541,0.483461995245499,0.156251388025196,0.019031659697566,-0.327210607220304,0.17,613,0.152657931181421,0.404567699836868
"438",438,22,0.133893095956734,-0.14969600693596,0.202655512525993,0.337532624114296,0.352351519461953,0.17,613,0.152657931181421,0.404567699836868
"439",439,12,0.633807997610536,0.0674458666095652,-0.0749318655254689,0.256232259673767,-0.142377732135034,0.17,613,0.152657931181421,0.404567699836868
"440",440,8,0.16314413632586,-0.256022853639482,0.0963341214190459,0.217154423819456,0.352356975058527,0.17,613,0.152657931181421,0.404567699836868
"441",441,11,0.386096943863776,-0.150659293631823,-0.0372389189261681,0.09652160107442,0.113420374705655,0.17,613,0.152657931181421,0.404567699836868
"442",442,5,0.101952131254521,-0.0169595860527696,0.538229565534467,0.29722864165337,0.555189151587236,0.17,613,0.152657931181421,0.404567699836868
"443",443,17,0.964940256962147,0.51333591706734,-0.0876661948763285,0.228758704554966,-0.601002111943668,0.17,613,0.152657931181421,0.404567699836868
"444",444,11,0.156493180085901,-0.419373394293863,-0.0507305341041069,0.392889040934151,0.368642860189756,0.17,613,0.152657931181421,0.404567699836868
"445",445,13,0.1255742512976,0.183241175330121,0.631232572955916,0.11053597139317,0.447991397625795,0.17,613,0.152657931181421,0.404567699836868
"446",446,18,0.352076614162886,0.197652870949427,0.330244709698146,0.23501342553764,0.132591838748718,0.17,613,0.152657931181421,0.404567699836868
"447",447,13,0.650252770614438,0.572078706551848,0.429785544387401,0.650042131429191,-0.142293162164447,0.17,613,0.152657931181421,0.404567699836868
"448",448,7,0.879961811266202,0.500590188033209,0.0593870284054863,0.286455238585472,-0.441203159627722,0.17,613,0.152657931181421,0.404567699836868
"449",449,7,0.00251496108322663,-0.2481341581358,1.02889799565176,0.750681901479684,1.27703215378756,0.17,613,0.152657931181421,0.404567699836868
"450",450,7,0.189351212008486,-0.386459633968604,0.274085794854535,0.233560313026045,0.660545428823138,0.17,613,0.152657931181421,0.404567699836868
"451",451,22,0.594186697103656,-0.142329137870113,-0.210737261534059,0.0987972731618514,-0.0684081236639455,0.17,613,0.152657931181421,0.404567699836868
"452",452,8,0.133267790157672,-0.0702762241155944,0.643196076081063,0.45727320503059,0.713472300196657,0.17,613,0.152657931181421,0.404567699836868
"453",453,20,0.014591580558846,-0.0299005441875765,0.70462532427521,0.59920844685459,0.734525868462786,0.17,613,0.152657931181421,0.404567699836868
"454",454,20,0.192212510862121,-0.0598123833614487,0.225586594765395,0.116222852382369,0.285398978126844,0.17,613,0.152657931181421,0.404567699836868
"455",455,10,0.685382135158283,0.232208878570328,0.0509454766927541,0.242094492808235,-0.181263401877574,0.17,613,0.152657931181421,0.404567699836868
"456",456,15,0.668859011689121,-0.0537683988151468,-0.231135956635712,0.158971665981945,-0.177367557820565,0.17,613,0.152657931181421,0.404567699836868
"457",457,12,0.117318956626522,-0.0259484517760523,0.583844100932111,0.492644972029684,0.609792552708163,0.17,613,0.152657931181421,0.404567699836868
"458",458,10,0.551871152358455,-0.464849456702551,-0.51669851381569,0.276246876087028,-0.0518490571131385,0.17,613,0.152657931181421,0.404567699836868
"459",459,10,0.717781790852418,0.670005632205498,0.359074504386621,0.151318339366702,-0.310931127818877,0.17,613,0.152657931181421,0.404567699836868
"460",460,18,0.389252740901833,-0.144053378719415,-0.0504037393084917,0.0659178902652755,0.0936496394109233,0.17,613,0.152657931181421,0.404567699836868
"461",461,9,0.404773317396369,0.16444432193078,0.310481311644065,0.450043308389245,0.146036989713285,0.17,613,0.152657931181421,0.404567699836868
"462",462,8,0.0965477215717239,-0.0660195300101337,0.535560626836354,0.274233203910026,0.601580156846487,0.17,613,0.152657931181421,0.404567699836868
"463",463,9,0.744835133039235,0.268543816905819,-0.0278813665982907,0.469968291677771,-0.29642518350411,0.17,613,0.152657931181421,0.404567699836868
"464",464,12,0.576461435854561,-0.0930498079917526,-0.161633762823263,0.0966937246162661,-0.0685839548315107,0.17,613,0.152657931181421,0.404567699836868
"465",465,17,0.308539742171669,-0.0538200717964889,0.137327695373081,0.124492921005131,0.19114776716957,0.17,613,0.152657931181421,0.404567699836868
"466",466,8,0.222945993473828,0.0161514596058981,0.462743657768717,0.308612690840696,0.446592198162819,0.17,613,0.152657931181421,0.404567699836868
"467",467,9,0.191576246324262,-0.256931150587148,0.162648550151254,0.246136332238597,0.419579700738402,0.17,613,0.152657931181421,0.404567699836868
"468",468,14,0.450959629305875,0.330659149226862,0.368802882118932,0.258617807797502,0.0381437328920701,0.17,613,0.152657931181421,0.404567699836868
"469",469,11,0.134205320277094,0.322164236036995,0.704982488265712,0.186334279892628,0.382818252228717,0.17,613,0.152657931181421,0.404567699836868
"470",470,17,0.190072731709845,-0.326934814560264,0.0451448252863615,0.0789632160347599,0.372079639846626,0.17,613,0.152657931181421,0.404567699836868
"471",471,10,0.08790433350579,-0.145329055623055,0.497637011594136,0.591817657689697,0.642966067217191,0.17,613,0.152657931181421,0.404567699836868
"472",472,13,0.399688032614527,0.289829874121656,0.399302260673526,0.123927328105925,0.10947238655187,0.17,613,0.152657931181421,0.404567699836868
"473",473,20,0.502566024305487,0.109447532788904,0.107295806510336,0.041982986606061,-0.00215172627856812,0.17,613,0.152657931181421,0.404567699836868
"474",474,18,0.780842734645441,0.118107271159771,-0.0955068658393377,0.267334728031549,-0.213614136999108,0.17,613,0.152657931181421,0.404567699836868
"475",475,17,0.0722137896450193,-0.143546904580249,0.332129501351654,0.0537076357463773,0.475676405931903,0.17,613,0.152657931181421,0.404567699836868
"476",476,7,0.510563276001155,-0.0963939002124283,-0.113001763699261,0.00198432921942302,-0.0166078634868331,0.17,613,0.152657931181421,0.404567699836868
"477",477,11,0.228767497166481,0.0101230676947065,0.343577977992031,0.0561021367507998,0.333454910297324,0.17,613,0.152657931181421,0.404567699836868
"478",478,22,0.508072818576917,0.233831149106808,0.228242497280104,0.628002803163308,-0.00558865182670437,0.17,613,0.152657931181421,0.404567699836868
"479",479,11,0.0727676072922558,0.0318099636805489,0.702308198893666,0.346306314954652,0.670498235213117,0.17,613,0.152657931181421,0.404567699836868
"480",480,10,0.558112006582908,0.248970273552398,0.152904791266321,0.32387234587719,-0.0960654822860776,0.17,613,0.152657931181421,0.404567699836868
"481",481,7,0.578491345267278,0.0699937391665026,-0.059994697496751,0.481365235873831,-0.129988436663254,0.17,613,0.152657931181421,0.404567699836868
"482",482,11,0.305816510887369,0.475763027368508,0.626122165647265,0.438436537860376,0.150359138278757,0.17,613,0.152657931181421,0.404567699836868
"483",483,6,0.00774882664272802,0.24457499566085,1.53392124723283,0.44661694213424,1.28934625157199,0.17,613,0.152657931181421,0.404567699836868
"484",484,13,0.305319075259839,0.159244916878275,0.302220121457466,0.0118650264925403,0.142975204579192,0.17,613,0.152657931181421,0.404567699836868
"485",485,10,0.633028971036738,0.43447396913016,0.278090393181056,0.258879707470671,-0.156383575949104,0.17,613,0.152657931181421,0.404567699836868
"486",486,14,0.176686970653416,0.158565317253648,0.574002045698201,0.261340478183681,0.415436728444552,0.17,613,0.152657931181421,0.404567699836868
"487",487,8,0.17413992617817,-0.388369798259715,0.305025195685151,0.450208009852051,0.693394993944866,0.17,613,0.152657931181421,0.404567699836868
"488",488,6,0.186089747614,-0.423610769948138,-0.0291335017765123,0.00107427704107123,0.394477268171626,0.17,613,0.152657931181421,0.404567699836868
"489",489,11,0.031639876702174,-0.462865390380051,0.319043181572185,0.56414442301924,0.781908571952236,0.17,613,0.152657931181421,0.404567699836868
"490",490,15,0.509144041491895,-0.238296971370896,-0.246830710001828,0.0658110889636045,-0.00853373863093204,0.17,613,0.152657931181421,0.404567699836868
"491",491,13,0.50917163948368,0.0767618309907575,0.0670525974736559,0.105936992954818,-0.00970923351710164,0.17,613,0.152657931181421,0.404567699836868
"492",492,10,0.528419869008847,0.175299125533456,0.141140760785138,0.200744967065323,-0.0341583647483178,0.17,613,0.152657931181421,0.404567699836868
"493",493,6,0.125584459838985,-0.229394906739415,0.662271325871348,0.397646096376368,0.891666232610763,0.17,613,0.152657931181421,0.404567699836868
"494",494,15,0.0156685471491246,-0.131117260436092,0.672566056161016,0.497855042910559,0.803683316597107,0.17,613,0.152657931181421,0.404567699836868
"495",495,15,0.139706614218866,-0.0250419703663423,0.376863116118472,0.319846412668436,0.401905086484814,0.17,613,0.152657931181421,0.404567699836868
"496",496,14,0.111220542960586,0.218326677917157,0.744361023341065,0.232085283865469,0.526034345423907,0.17,613,0.152657931181421,0.404567699836868
"497",497,20,0.640936306524474,0.297779623317995,0.178590103090185,0.0047413290732665,-0.11918952022781,0.17,613,0.152657931181421,0.404567699836868
"498",498,15,0.073704786770773,-0.0209915472244469,0.490706795251257,0.338699051791229,0.511698342475704,0.17,613,0.152657931181421,0.404567699836868
"499",499,10,0.713148831182526,0.564102508665638,0.24928078358439,0.0465144131872809,-0.314821725081248,0.17,613,0.152657931181421,0.404567699836868
"500",500,13,0.00132455063184258,-0.275905091632278,0.92543815449503,0.36730597967349,1.20134324612731,0.17,613,0.152657931181421,0.404567699836868
"501",501,11,0.420173165716783,0.290590480347512,0.369578604538889,0.0640792717816603,0.0789881241913772,0.17,613,0.152657931181421,0.404567699836868
"502",502,16,0.275852882772273,-0.0601268355360705,0.161900321188503,0.268371804773094,0.222027156724574,0.17,613,0.152657931181421,0.404567699836868
"503",503,12,0.116108003883033,-0.0564773438998552,0.579524673610813,0.380561705823462,0.636002017510668,0.17,613,0.152657931181421,0.404567699836868
"504",504,12,0.124392031603996,0.0909099097753685,0.52137266592907,0.0141945333315325,0.430462756153701,0.17,613,0.152657931181421,0.404567699836868
"505",505,20,0.72019169181401,0.390982129378132,0.222155478064827,0.412706839535894,-0.168826651313305,0.17,613,0.152657931181421,0.404567699836868
"506",506,9,0.0624671187346831,0.117608327248345,0.907177361309708,0.50664458105779,0.789569034061363,0.17,613,0.152657931181421,0.404567699836868
"507",507,9,0.585301475767895,0.317401702217467,0.22129984630556,0.118973702246259,-0.096101855911907,0.17,613,0.152657931181421,0.404567699836868
"508",508,15,0.54939970184098,0.0382495083901448,-0.00901715866737425,0.0139880255002958,-0.047266667057519,0.17,613,0.152657931181421,0.404567699836868
"509",509,14,0.00252947158798993,-0.517308252692331,0.262089858780779,0.351877223968832,0.77939811147311,0.17,613,0.152657931181421,0.404567699836868
"510",510,31,5.86917947732636e-05,-0.427112658140512,0.509992820435709,0.283537040921697,0.937105478576221,0.17,613,0.152657931181421,0.404567699836868
"511",511,19,0.647115545221284,0.346275650825481,0.243957647790851,0.27668561508383,-0.10231800303463,0.17,613,0.152657931181421,0.404567699836868
"512",512,15,0.029627789901138,-0.227843569351152,0.407102168391911,0.565460051544048,0.634945737743063,0.17,613,0.152657931181421,0.404567699836868
"513",513,8,0.453501473230034,0.508916481345944,0.57890520040387,0.495687621515229,0.0699887190579267,0.17,613,0.152657931181421,0.404567699836868
"514",514,12,0.374948330004019,0.457053188672758,0.576033190625205,0.551428973840519,0.118980001952447,0.17,613,0.152657931181421,0.404567699836868
"515",515,11,0.441362555189801,0.162244281046864,0.222010182384516,0.266429696883061,0.0597659013376516,0.17,613,0.152657931181421,0.404567699836868
"516",516,13,0.382537629695916,0.432364770664122,0.585164350872677,0.646724110688557,0.152799580208555,0.17,613,0.152657931181421,0.404567699836868
"517",517,15,0.350766911459413,-0.157489174396904,-0.0262063155796004,0.0959712129575718,0.131282858817303,0.17,613,0.152657931181421,0.404567699836868
"518",518,5,0.199071731052159,-0.142853292711997,0.597903452546432,0.593710713897721,0.740756745258429,0.17,613,0.152657931181421,0.404567699836868
"519",519,9,0.311303798423496,0.19566304721292,0.458658466384083,0.330831965524901,0.262995419171163,0.17,613,0.152657931181421,0.404567699836868
"520",520,14,0.241846149509535,0.208507950906498,0.450068540151752,0.25154282633129,0.241560589245255,0.17,613,0.152657931181421,0.404567699836868
"521",521,12,0.0531841834174183,-0.0557343984328487,0.6479073558665,0.275189250603193,0.703641754299349,0.17,613,0.152657931181421,0.404567699836868
"522",522,22,0.0160647895008624,-0.0337520244698965,0.606518887745815,0.691961121706544,0.640270912215712,0.17,613,0.152657931181421,0.404567699836868
"523",523,18,0.383047732697523,-0.298368935475823,-0.202041787292176,0.146729451871708,0.0963271481836476,0.17,613,0.152657931181421,0.404567699836868
"524",524,16,0.000597062244933847,-0.52858287533306,0.47502688288072,0.117140615384655,1.00360975821378,0.17,613,0.152657931181421,0.404567699836868
"525",525,16,0.811901911689251,-0.0392141341565796,-0.355912564104399,0.015224909950311,-0.31669842994782,0.17,613,0.152657931181421,0.404567699836868
"526",526,12,0.176920993381981,-0.159198995950029,0.235116906063541,0.383206764786076,0.39431590201357,0.17,613,0.152657931181421,0.404567699836868
"527",527,10,0.371211399668539,0.32967343544985,0.475528497528872,0.260236133167176,0.145855062079023,0.17,613,0.152657931181421,0.404567699836868
"528",528,9,0.978617545009411,0.969262781190726,0.00625096918321575,0.361969167627012,-0.96301181200751,0.17,613,0.152657931181421,0.404567699836868
"529",529,16,0.304465512345015,-0.173083456099937,-0.00166804580453286,0.191465079152902,0.171415410295404,0.17,613,0.152657931181421,0.404567699836868
"530",530,11,0.605773557253517,0.00822455244706907,-0.0800175416345504,0.184438563629236,-0.0882420940816194,0.17,613,0.152657931181421,0.404567699836868
"531",531,26,0.0897426111043334,-0.101390267058151,0.285167595252866,0.0610061293718633,0.386557862311017,0.17,613,0.152657931181421,0.404567699836868
"532",532,19,0.734698626621225,0.236342304583129,0.00680619275875664,0.341579150664939,-0.229536111824372,0.17,613,0.152657931181421,0.404567699836868
"533",533,13,0.0548210307131723,-0.154622668985878,0.651841593322714,0.370948312493228,0.806464262308592,0.17,613,0.152657931181421,0.404567699836868
"534",534,14,0.134827165779005,-0.0365077727650931,0.322975274103369,0.553981650489618,0.359483046868462,0.17,613,0.152657931181421,0.404567699836868
"535",535,10,0.0339125102180536,-0.291299395228581,0.417143211403991,0.518706579356096,0.708442606632572,0.17,613,0.152657931181421,0.404567699836868
"536",536,6,0.133275841827583,0.00405134558564032,0.373550953167391,0.396366494468995,0.369499607581751,0.17,613,0.152657931181421,0.404567699836868
"537",537,9,0.110594176476365,0.072611703074806,0.725143649826643,0.39529981278397,0.652531946751837,0.17,613,0.152657931181421,0.404567699836868
"538",538,25,0.448353205241786,0.141007356126954,0.181422834867046,0.106265958658223,0.0404154787400923,0.17,613,0.152657931181421,0.404567699836868
"539",539,10,0.360293865305154,0.367742634710873,0.554254270205007,0.394608183521925,0.186511635494133,0.17,613,0.152657931181421,0.404567699836868
"540",540,16,0.0816643655789333,-0.149295608863603,0.368973247550861,0.459669718574118,0.518268856414464,0.17,613,0.152657931181421,0.404567699836868
"541",541,12,0.151957341549652,-0.171993790768003,0.321027439886679,0.12238866469869,0.493021230654682,0.17,613,0.152657931181421,0.404567699836868
"542",542,13,0.516719584103341,0.392348724819873,0.372577758123816,0.351676776310629,-0.0197709666960569,0.17,613,0.152657931181421,0.404567699836868
"543",543,9,0.0376130697783366,-0.67489539948056,0.375518916674823,0.478478917967464,1.05041431615538,0.17,613,0.152657931181421,0.404567699836868
"544",544,16,0.526456848467675,0.275227876837204,0.247451289633094,0.283914308976873,-0.02777658720411,0.17,613,0.152657931181421,0.404567699836868
"545",545,7,0.824883414880102,0.706599616778819,0.198161203623707,0.177663711612384,-0.508438413155112,0.17,613,0.152657931181421,0.404567699836868
"546",546,12,0.932756443007134,0.772226260961774,0.273611675166059,0.432935146866242,-0.498614585795715,0.17,613,0.152657931181421,0.404567699836868
"547",547,17,0.322728846440853,0.265041390751411,0.437363418738688,0.432997967300643,0.172322027987277,0.17,613,0.152657931181421,0.404567699836868
"548",548,11,0.458186744033388,0.440673670617165,0.47998596655548,0.216570732973873,0.0393122959383149,0.17,613,0.152657931181421,0.404567699836868
"549",549,12,0.017082191430906,-0.0824041033676884,1.00708543644422,0.594824367690154,1.0894895398119,0.17,613,0.152657931181421,0.404567699836868
"550",550,12,0.476152184365803,0.282052920036582,0.305546267652291,0.310311152069484,0.0234933476157091,0.17,613,0.152657931181421,0.404567699836868
"551",551,12,0.0723887980812064,0.0184206016949925,0.578062709217611,0.642031544449497,0.559642107522619,0.17,613,0.152657931181421,0.404567699836868
"552",552,12,0.419060841677463,0.440058700491482,0.512624893637509,0.289964093284582,0.0725661931460265,0.17,613,0.152657931181421,0.404567699836868
"553",553,6,0.209639858010356,0.0106170557059895,0.650096641785123,0.0802180089379305,0.639479586079133,0.17,613,0.152657931181421,0.404567699836868
"554",554,17,0.0238392576821338,-0.360946434004394,0.279227408395675,0.0895970920726202,0.640173842400069,0.17,613,0.152657931181421,0.404567699836868
"555",555,21,0.0542493642159284,-0.105418732593497,0.356291035754709,0.388269622466443,0.461709768348206,0.17,613,0.152657931181421,0.404567699836868
"556",556,18,0.206989474323367,0.34654493549667,0.58527474020658,0.372411954866464,0.23872980470991,0.17,613,0.152657931181421,0.404567699836868
"557",557,14,0.087551830191426,0.0915697751626446,0.737001668154703,0.311481116006392,0.645431892992058,0.17,613,0.152657931181421,0.404567699836868
"558",558,10,0.181649488271153,-0.418703667958575,0.0449076148590053,0.250080819637232,0.46361128281758,0.17,613,0.152657931181421,0.404567699836868
"559",559,25,0.854180839827871,-0.0453469935195237,-0.32112163763858,0.0510476655392946,-0.275774644119057,0.17,613,0.152657931181421,0.404567699836868
"560",560,15,0.251740482659543,0.305699818432984,0.560736141441105,0.33974899927574,0.255036323008121,0.17,613,0.152657931181421,0.404567699836868
"561",561,14,0.0803527512274645,-0.182593385758144,0.31354898965708,0.305666202613087,0.496142375415223,0.17,613,0.152657931181421,0.404567699836868
"562",562,14,0.138094955899144,0.131562278460403,0.652202904062018,0.19575179010209,0.520640625601615,0.17,613,0.152657931181421,0.404567699836868
"563",563,11,0.604877494882195,0.147717845351814,0.0178794513739093,0.148551306389441,-0.129838393977905,0.17,613,0.152657931181421,0.404567699836868
"564",564,8,0.340610558729748,-0.262210074708404,-0.112925714591315,0.0221477029070775,0.149284360117089,0.17,613,0.152657931181421,0.404567699836868
"565",565,14,0.483474380515244,-0.307259570009113,-0.289764756644549,0.015710401597316,0.0174948133645648,0.17,613,0.152657931181421,0.404567699836868
"566",566,9,0.00901583444769089,-0.38150774286845,0.484014078292765,0.410526125445124,0.865521821161215,0.17,613,0.152657931181421,0.404567699836868
"567",567,13,0.564707722806352,0.0956468252674568,0.0248136699315206,0.173154500508318,-0.0708331553359362,0.17,613,0.152657931181421,0.404567699836868
"568",568,11,0.707470239830751,0.0550070765667579,-0.165822614953975,0.109025724038218,-0.220829691520733,0.17,613,0.152657931181421,0.404567699836868
"569",569,6,0.065668154475039,-0.412005246818802,0.466702427429704,0.288356942112798,0.878707674248506,0.17,613,0.152657931181421,0.404567699836868
"570",570,19,0.405153261803529,0.0220201163160871,0.100280988129373,0.181328874424913,0.0782608718132859,0.17,613,0.152657931181421,0.404567699836868
"571",571,9,0.319770471598046,0.281791861054476,0.526350751617264,0.492852491415208,0.244558890562788,0.17,613,0.152657931181421,0.404567699836868
"572",572,16,0.00879546337279196,-0.233847093748649,0.650105407110838,0.356757127295349,0.883952500859487,0.17,613,0.152657931181421,0.404567699836868
"573",573,12,0.193197398468583,0.295896847440778,0.579328332596386,0.316366045674297,0.283431485155608,0.17,613,0.152657931181421,0.404567699836868
"574",574,13,0.274340756413464,0.0556273142917605,0.319784262436331,0.165913336229803,0.264156948144571,0.17,613,0.152657931181421,0.404567699836868
"575",575,13,0.148614032859945,-0.0343362349449451,0.520695362491384,0.338851600742936,0.55503159743633,0.17,613,0.152657931181421,0.404567699836868
"576",576,31,0.338995170608439,0.070895124796084,0.186862620219925,0.23881858348075,0.115967495423841,0.17,613,0.152657931181421,0.404567699836868
"577",577,23,0.416823696632987,0.0467824479271431,0.100658606328577,0.0100785954853076,0.0538761584014343,0.17,613,0.152657931181421,0.404567699836868
"578",578,25,0.116223064742115,0.0627607610000774,0.393634554577654,0.666955019925035,0.330873793577576,0.17,613,0.152657931181421,0.404567699836868
"579",579,17,0.395371945055992,-0.284374277804817,-0.153333995991909,0.13551812833363,0.131040281812908,0.17,613,0.152657931181421,0.404567699836868
"580",580,9,0.394398380069476,-0.00968681566381478,0.114979566889824,0.233498870540019,0.124666382553639,0.17,613,0.152657931181421,0.404567699836868
"581",581,10,0.631795880205751,-0.0829091508456383,-0.206454152317346,0.0033166159202349,-0.123545001471708,0.17,613,0.152657931181421,0.404567699836868
"582",582,5,0.245577009430132,0.0472344712515367,0.321118750643952,0.230203440146378,0.273884279392415,0.17,613,0.152657931181421,0.404567699836868
"583",583,10,0.158541834782078,0.236716317862863,0.724856262949487,0.416994690288999,0.488139945086624,0.17,613,0.152657931181421,0.404567699836868
"584",584,23,0.610437309109608,0.183653272582731,0.117730904361573,0.10959491850675,-0.0659223682211576,0.17,613,0.152657931181421,0.404567699836868
"585",585,17,0.478929585046625,-0.233164386640751,-0.21050328203706,0.162617340864933,0.0226611046036911,0.17,613,0.152657931181421,0.404567699836868
"586",586,11,0.304008350054252,-0.289641492980621,-0.11070420361535,0.109973399548426,0.178937289365271,0.17,613,0.152657931181421,0.404567699836868
"587",587,17,0.954263995624061,0.334988250941741,-0.260738211188776,0.0457397822208268,-0.595726462130517,0.17,613,0.152657931181421,0.404567699836868
"588",588,9,0.117906950895186,-0.00244520628916599,0.496478147504756,0.614401686130393,0.498923353793922,0.17,613,0.152657931181421,0.404567699836868
"589",589,17,0.00545337669145665,-0.158572071892347,0.72637367257944,0.391992865301834,0.884945744471787,0.17,613,0.152657931181421,0.404567699836868
"590",590,13,0.836889069062734,-0.0454114464893362,-0.450567583366083,0.168508255639927,-0.405156136876747,0.17,613,0.152657931181421,0.404567699836868
"591",591,16,0.0391223500539121,-0.0140127020412216,0.674955169865661,0.47775706415124,0.688967871906883,0.17,613,0.152657931181421,0.404567699836868
"592",592,16,0.168632014237499,0.0117680748298397,0.381189889555146,0.404406113938882,0.369421814725306,0.17,613,0.152657931181421,0.404567699836868
"593",593,9,0.90340888232682,0.310977559102944,-0.42950561927866,0.100265093941457,-0.740483178381604,0.17,613,0.152657931181421,0.404567699836868
"594",594,13,0.0707218703873866,0.0700947484136995,0.579363330497579,0.181992581044579,0.50926858208388,0.17,613,0.152657931181421,0.404567699836868
"595",595,12,0.607894908758232,0.530410932588813,0.400918941192492,0.273245754140471,-0.129491991396321,0.17,613,0.152657931181421,0.404567699836868
"596",596,19,0.17540844365777,-0.262348872742677,0.0518171280653963,0.168964041175372,0.314166000808074,0.17,613,0.152657931181421,0.404567699836868
"597",597,10,0.726720392408829,0.484770388610076,0.207977366491913,0.14622326146214,-0.276793022118163,0.17,613,0.152657931181421,0.404567699836868
"598",598,9,0.0162938687397301,-0.244358676855744,0.995159356763464,0.559581034879272,1.23951803361921,0.17,613,0.152657931181421,0.404567699836868
"599",599,9,0.419342415291593,0.396659241048381,0.47633499497149,0.224768189543602,0.079675753923109,0.17,613,0.152657931181421,0.404567699836868
"600",600,28,0.0384378751930109,-0.243514918830867,0.186164730704155,0.190103288999754,0.429679649535022,0.17,613,0.152657931181421,0.404567699836868
"601",601,12,0.0777244905390506,-0.428194826925475,0.409860273713519,0.274910684731752,0.838055100638994,0.17,613,0.152657931181421,0.404567699836868
"602",602,14,0.2832477579818,0.0305653433781539,0.247097531283658,0.108356047386912,0.216532187905504,0.17,613,0.152657931181421,0.404567699836868
"603",603,22,0.620699164213877,0.115455238630929,0.0147597759138659,0.0145539078886728,-0.100695462717063,0.17,613,0.152657931181421,0.404567699836868
"604",604,9,0.189924643235434,0.0313242352537291,0.303779851570161,0.298999464609293,0.272455616316432,0.17,613,0.152657931181421,0.404567699836868
"605",605,18,0.00379172180601795,-0.495591410280581,0.337740665167905,0.236475634440361,0.833332075448485,0.17,613,0.152657931181421,0.404567699836868
"606",606,10,0.496609688996961,0.307743923894531,0.311713529041448,0.286680771798704,0.0039696051469168,0.17,613,0.152657931181421,0.404567699836868
"607",607,17,0.517517500113689,-0.114370707669644,-0.126288944584864,0.0381360766681569,-0.0119182369152201,0.17,613,0.152657931181421,0.404567699836868
"608",608,15,0.00511731751602995,-0.45885643019302,0.611254274255547,0.499633192801837,1.07011070444857,0.17,613,0.152657931181421,0.404567699836868
"609",609,20,0.347011747845282,0.268358880325761,0.433964189522534,0.570365549475902,0.165605309196774,0.17,613,0.152657931181421,0.404567699836868
"610",610,13,0.540894527520784,0.134692225732211,0.0876784399294055,0.339206172935825,-0.0470137858028058,0.17,613,0.152657931181421,0.404567699836868
"611",611,19,0.293184877360703,0.0831747440037554,0.292353378671781,0.244205620483944,0.209178634668026,0.17,613,0.152657931181421,0.404567699836868
"612",612,13,0.424194114573641,-0.196450594757494,-0.1080796043988,0.308295324461145,0.0883709903586948,0.17,613,0.152657931181421,0.404567699836868
"613",613,15,0.0598107880581041,-0.227143245436488,0.359188669233417,0.149923437232446,0.586331914669904,0.17,613,0.152657931181421,0.404567699836868
