"","rep_no","totalN","p_value","mean_control","mean_treatment","ES_true","d_emp","prev_pop","rep_attempts","false_omission_rate","true_selection_rate"
"1",1,139,0.323825293446971,0.0286464651804763,0.0847853925065541,0.0305213047208302,0.0561389273260779,0.17,605,0.158488557743481,0.393388429752066
"2",2,139,0.028050677653491,0.0309930063398178,0.265601977918162,0.291741169665922,0.234608971578344,0.17,605,0.158488557743481,0.393388429752066
"3",3,139,0.000128733929474211,-0.144281227685484,0.322459564278915,0.346311601387894,0.466740791964399,0.17,605,0.158488557743481,0.393388429752066
"4",4,139,0.00359356488964479,0.0494292153501464,0.366502727891642,0.465594098647114,0.317073512541495,0.17,605,0.158488557743481,0.393388429752066
"5",5,139,0.000636407187560707,0.0217585641403225,0.430206647624795,0.357402098696212,0.408448083484472,0.17,605,0.158488557743481,0.393388429752066
"6",6,139,0.127005755428312,0.131595522033056,0.269357515664289,0.156453448221823,0.137761993631233,0.17,605,0.158488557743481,0.393388429752066
"7",7,139,0.00461962118898697,0.22931569753815,0.544372380700965,0.472605825493848,0.315056683162815,0.17,605,0.158488557743481,0.393388429752066
"8",8,139,0.174405972871571,0.0480641180410994,0.162494670551787,0.16413287272956,0.114430552510687,0.17,605,0.158488557743481,0.393388429752066
"9",9,139,0.0630749206172893,0.0910572626413597,0.267908773830057,0.246599935946182,0.176851511188697,0.17,605,0.158488557743481,0.393388429752066
"10",10,139,0.000279751633305209,-0.0893568326997438,0.345585710368616,0.225552742152743,0.43494254306836,0.17,605,0.158488557743481,0.393388429752066
"11",11,139,0.00937583509286595,-0.124191777901068,0.16225544519131,0.0297900673531403,0.286447223092378,0.17,605,0.158488557743481,0.393388429752066
"12",12,139,0.565736701558413,0.0492251037775776,0.0298126448005501,0.0610362962919113,-0.0194124589770275,0.17,605,0.158488557743481,0.393388429752066
"13",13,139,0.800298939045526,0.0700369653579339,-0.025059942256055,0.000324301582784027,-0.0950969076139889,0.17,605,0.158488557743481,0.393388429752066
"14",14,139,0.12318245209812,0.171320561345571,0.312401902075385,0.296324935419154,0.141081340729814,0.17,605,0.158488557743481,0.393388429752066
"15",15,139,0.00404705128607703,0.0894147757507862,0.401586507713813,0.247200458428509,0.312171731963027,0.17,605,0.158488557743481,0.393388429752066
"16",16,139,0.000393053963044702,0.0408247174723179,0.464474390029019,0.399424610095487,0.423649672556702,0.17,605,0.158488557743481,0.393388429752066
"17",17,139,0.0320034237283615,0.115531068925705,0.335965930241753,0.364939825699169,0.220434861316048,0.17,605,0.158488557743481,0.393388429752066
"18",18,139,0.153524307024227,0.0481648384613541,0.166921860799042,0.249630598776416,0.118757022337688,0.17,605,0.158488557743481,0.393388429752066
"19",19,139,0.000374090739344528,-0.0330007591232953,0.372980617555242,0.205978378393562,0.405981376678537,0.17,605,0.158488557743481,0.393388429752066
"20",20,139,0.411470730539537,0.114718452205299,0.143174392235354,0.246077753173916,0.0284559400300551,0.17,605,0.158488557743481,0.393388429752066
"21",21,139,0.0213572649488452,0.0148426303323041,0.261636343367164,0.145286843500384,0.24679371303486,0.17,605,0.158488557743481,0.393388429752066
"22",22,139,1.07728957754241e-07,-0.00394933194202565,0.60900608632003,0.599004344138172,0.612955418262055,0.17,605,0.158488557743481,0.393388429752066
"23",23,139,0.0193187506371627,-0.00428740561364618,0.226574161727301,0.172199612403311,0.230861567340948,0.17,605,0.158488557743481,0.393388429752066
"24",24,139,0.0456445046741364,-0.0134868045385438,0.186413832406773,0.0885079962664786,0.199900636945317,0.17,605,0.158488557743481,0.393388429752066
"25",25,139,4.96219693048231e-05,-0.0431609214155535,0.387274721667155,0.440465593687332,0.430435643082708,0.17,605,0.158488557743481,0.393388429752066
"26",26,139,0.199087463472136,0.058379150012553,0.152358330986289,0.011256100883594,0.0939791809737362,0.17,605,0.158488557743481,0.393388429752066
"27",27,139,0.0429993635764489,-0.0526310926853445,0.155723692445863,0.0768278008181317,0.208354785131208,0.17,605,0.158488557743481,0.393388429752066
"28",28,139,0.00517996048643194,0.120769945151186,0.411570320225203,0.290476360403084,0.290800375074017,0.17,605,0.158488557743481,0.393388429752066
"29",29,139,0.00490970554191574,0.0281983298288762,0.335285603534812,0.220786621276975,0.307087273705936,0.17,605,0.158488557743481,0.393388429752066
"30",30,139,0.0882256416332132,0.100937826086025,0.259973774527673,0.375085399977709,0.159035948441648,0.17,605,0.158488557743481,0.393388429752066
"31",31,139,1.85662789802753e-08,-0.104620755435672,0.557948328202607,0.619360528137157,0.662569083638279,0.17,605,0.158488557743481,0.393388429752066
"32",32,139,0.00112615091817371,-0.00972397524866984,0.363371032151306,0.391518035513755,0.373095007399976,0.17,605,0.158488557743481,0.393388429752066
"33",33,139,0.301220902046719,0.0226054231885301,0.0903293795973914,0.161659260627013,0.0677239564088613,0.17,605,0.158488557743481,0.393388429752066
"34",34,139,0.23109886280693,0.00461238463740561,0.0927648758734259,0.123644190785835,0.0881524912360202,0.17,605,0.158488557743481,0.393388429752066
"35",35,139,0.00310308524899955,0.0293433604447795,0.377879055151848,0.479996734626148,0.348535694707068,0.17,605,0.158488557743481,0.393388429752066
"36",36,139,0.0896968238541811,-0.00137460257927789,0.147739615197024,0.106279870642214,0.149114217776302,0.17,605,0.158488557743481,0.393388429752066
"37",37,139,0.152770524071171,0.0816577078224197,0.210760108923658,0.255925553383044,0.129102401101239,0.17,605,0.158488557743481,0.393388429752066
"38",38,139,0.168880589859096,-0.0448075269736446,0.0686869652099399,0.0382594025216455,0.113494492183585,0.17,605,0.158488557743481,0.393388429752066
"39",39,139,8.47155036309619e-05,-0.0225319271660231,0.439014179715484,0.470638577941916,0.461546106881507,0.17,605,0.158488557743481,0.393388429752066
"40",40,139,0.826516060235682,0.100436442943604,-0.0144949174217659,0.0231558683518935,-0.11493136036537,0.17,605,0.158488557743481,0.393388429752066
"41",41,139,0.116870901249707,0.0439841222398988,0.186237105244823,0.298331983496786,0.142252983004925,0.17,605,0.158488557743481,0.393388429752066
"42",42,139,0.00133436902027407,0.0381654035924463,0.374400569868611,0.306849693143284,0.336235166276165,0.17,605,0.158488557743481,0.393388429752066
"43",43,139,0.0536862473161887,0.0390378392402032,0.232945505269109,0.110907664734021,0.193907666028906,0.17,605,0.158488557743481,0.393388429752066
"44",44,139,0.237184780813249,0.134232101227497,0.216822813058932,0.326609778769964,0.0825907118314352,0.17,605,0.158488557743481,0.393388429752066
"45",45,139,0.123406728358743,-0.10760807636928,0.0332749461496283,0.00551999487400927,0.140883022518908,0.17,605,0.158488557743481,0.393388429752066
"46",46,139,0.000614827854914698,-0.0295763203568122,0.386730945305657,0.468057584738768,0.41630726566247,0.17,605,0.158488557743481,0.393388429752066
"47",47,139,0.0282908062324341,-0.0346476740433275,0.198974082481805,0.175969212982114,0.233621756525132,0.17,605,0.158488557743481,0.393388429752066
"48",48,139,0.33484378261813,0.134354581540736,0.188817640200497,0.319250508704577,0.0544630586597608,0.17,605,0.158488557743481,0.393388429752066
"49",49,139,0.161356059003893,-0.0562023619244992,0.0707657341775288,0.163903820633402,0.126968096102028,0.17,605,0.158488557743481,0.393388429752066
"50",50,139,0.00236039253556247,0.0788715914245595,0.391450673721839,0.406528089455291,0.31257908229728,0.17,605,0.158488557743481,0.393388429752066
"51",51,139,0.524710704347161,0.0370483929867157,0.0293633114732064,0.00476787045076772,-0.00768508151350923,0.17,605,0.158488557743481,0.393388429752066
"52",52,139,1.34256367972923e-05,-0.00777441958609814,0.500728651394085,0.529146970801163,0.508503070980183,0.17,605,0.158488557743481,0.393388429752066
"53",53,139,0.308069084118873,0.0214549148953847,0.0810017046611848,0.0496619913367627,0.0595467897658,0.17,605,0.158488557743481,0.393388429752066
"54",54,139,0.575527364044725,-0.0358017763124919,-0.0589532884049093,0.066256784856104,-0.0231515120924175,0.17,605,0.158488557743481,0.393388429752066
"55",55,139,0.062731834543778,0.0159057185400649,0.204496931786186,0.215963461949855,0.188591213246121,0.17,605,0.158488557743481,0.393388429752066
"56",56,139,0.851240773380342,0.123836238954426,-0.000895542931624507,0.124050164910744,-0.12473178188605,0.17,605,0.158488557743481,0.393388429752066
"57",57,139,0.00287931293023424,-0.0644273515532221,0.254118716371923,0.297290818005195,0.318546067925145,0.17,605,0.158488557743481,0.393388429752066
"58",58,139,4.08591143357422e-06,-0.161530122274916,0.387809517991352,0.361146361903261,0.549339640266269,0.17,605,0.158488557743481,0.393388429752066
"59",59,139,4.71066701960251e-09,-0.0931962627667295,0.616593523546349,0.643230598744243,0.709789786313079,0.17,605,0.158488557743481,0.393388429752066
"60",60,139,0.517632889502053,0.213592792162904,0.208217517510627,0.168370281346321,-0.00537527465227761,0.17,605,0.158488557743481,0.393388429752066
"61",61,139,0.585896909823334,0.0599943418405057,0.0376798584858098,0.0209623683495127,-0.0223144833546959,0.17,605,0.158488557743481,0.393388429752066
"62",62,139,0.0343252661304862,-0.0756308849969232,0.155429943602217,0.175153345876344,0.23106082859914,0.17,605,0.158488557743481,0.393388429752066
"63",63,139,0.00146950363117815,-0.119272510134409,0.251725116428606,0.30329422474009,0.370997626563015,0.17,605,0.158488557743481,0.393388429752066
"64",64,139,0.496700654241101,-0.0146173562448605,-0.0135768739771815,0.0209947018348785,0.00104048226767904,0.17,605,0.158488557743481,0.393388429752066
"65",65,139,0.372710261520096,-0.043874775111126,-0.00563971197929729,0.0283098346634411,0.0382350631318287,0.17,605,0.158488557743481,0.393388429752066
"66",66,139,0.00481259676200106,-0.163143434817993,0.155815292734893,0.162502087512722,0.318958727552885,0.17,605,0.158488557743481,0.393388429752066
"67",67,139,0.384899093593586,0.0788541777533444,0.114008856646881,0.199068849931344,0.035154678893537,0.17,605,0.158488557743481,0.393388429752066
"68",68,139,0.0979197241142881,0.0313029965496607,0.192887320850682,0.130870503556086,0.161584324301021,0.17,605,0.158488557743481,0.393388429752066
"69",69,139,0.06323503425162,-0.119105132744532,0.0640829692436188,0.00710950597205583,0.18318810198815,0.17,605,0.158488557743481,0.393388429752066
"70",70,139,0.550185254514819,0.0397481810837927,0.0243710582318014,0.10302715531056,-0.0153771228519913,0.17,605,0.158488557743481,0.393388429752066
"71",71,139,0.0931709962042979,-0.120187629848826,0.0458380393771332,0.0613017099961346,0.166025669225959,0.17,605,0.158488557743481,0.393388429752066
"72",72,139,0.12249961916858,0.0214140967513957,0.166668648771771,0.21864284298871,0.145254552020376,0.17,605,0.158488557743481,0.393388429752066
"73",73,139,0.529747691691734,0.186057604771277,0.177404411363013,0.12062871224424,-0.00865319340826373,0.17,605,0.158488557743481,0.393388429752066
"74",74,139,0.0150265262049644,-0.0717823681581421,0.181277781192567,0.152973732397144,0.25306014935071,0.17,605,0.158488557743481,0.393388429752066
"75",75,139,9.5122666513929e-05,0.129710432209927,0.587602858062316,0.56823635040502,0.457892425852389,0.17,605,0.158488557743481,0.393388429752066
"76",76,139,0.0693804453630744,-0.0776355576776773,0.114514754436212,0.170624575911028,0.192150312113889,0.17,605,0.158488557743481,0.393388429752066
"77",77,139,0.0306249501399477,-0.0292111562157933,0.198961025010416,0.00554922799345776,0.228172181226209,0.17,605,0.158488557743481,0.393388429752066
"78",78,139,7.35257843800449e-17,-0.205516080729227,0.74872168658601,0.662397763953803,0.954237767315237,0.17,605,0.158488557743481,0.393388429752066
"79",79,139,0.00380151779070911,-0.0231237454688822,0.318334606189249,0.231809004591815,0.341458351658131,0.17,605,0.158488557743481,0.393388429752066
"80",80,139,0.000353149402394067,0.00522279139394663,0.407700084187009,0.33973876054751,0.402477292793063,0.17,605,0.158488557743481,0.393388429752066
"81",81,139,0.203374050142815,0.0377712422524869,0.136617958536012,0.152896910966602,0.0988467162835251,0.17,605,0.158488557743481,0.393388429752066
"82",82,139,3.36800617384142e-07,0.0323742195448597,0.64998963565308,0.543589665116036,0.61761541610822,0.17,605,0.158488557743481,0.393388429752066
"83",83,139,0.0194463579694008,0.0246531920334522,0.262801767565719,0.23778016553437,0.238148575532266,0.17,605,0.158488557743481,0.393388429752066
"84",84,139,0.135312140723042,0.0537720707871813,0.184665154669154,0.284772645959953,0.130893083881973,0.17,605,0.158488557743481,0.393388429752066
"85",85,139,0.00571011379671278,0.0672503901309343,0.369183227507085,0.332160256366793,0.301932837376151,0.17,605,0.158488557743481,0.393388429752066
"86",86,139,3.49194882131422e-05,-0.00779428971691719,0.459421066253186,0.345053325838153,0.467215355970103,0.17,605,0.158488557743481,0.393388429752066
"87",87,139,0.711373502869017,0.123623796265502,0.0573776087310814,0.302454841012149,-0.0662461875344205,0.17,605,0.158488557743481,0.393388429752066
"88",88,139,0.0108177432355357,0.0512822525287827,0.326320401279003,0.40712239070088,0.275038148750221,0.17,605,0.158488557743481,0.393388429752066
"89",89,139,0.000162211164349978,-0.0279674003688648,0.404653978268139,0.335931106088961,0.432621378637004,0.17,605,0.158488557743481,0.393388429752066
"90",90,139,0.13063755637408,0.130503182753284,0.269595108780121,0.0745000109640889,0.139091926026837,0.17,605,0.158488557743481,0.393388429752066
"91",91,139,0.00168254643626694,-0.086997573233109,0.28943802401959,0.346467307069493,0.376435597252699,0.17,605,0.158488557743481,0.393388429752066
"92",92,139,0.00205115655451839,-0.00122834354024493,0.382807204702492,0.325624554700959,0.384035548242737,0.17,605,0.158488557743481,0.393388429752066
"93",93,139,0.000714766993507487,0.120829458420862,0.507104842692649,0.505479276136406,0.386275384271787,0.17,605,0.158488557743481,0.393388429752066
"94",94,139,0.0176280771027129,0.0215440924385806,0.290185447212907,0.248819883931478,0.268641354774326,0.17,605,0.158488557743481,0.393388429752066
"95",95,139,0.0410774212729028,-0.0461558953218134,0.162146777645238,0.105088544020427,0.208302672967052,0.17,605,0.158488557743481,0.393388429752066
"96",96,139,0.547507241981963,-0.0636166496998959,-0.078165447690936,0.0053022925819894,-0.0145487979910401,0.17,605,0.158488557743481,0.393388429752066
"97",97,139,0.368854666329389,0.0401588593881469,0.0809583197678245,0.194181748768468,0.0407994603796776,0.17,605,0.158488557743481,0.393388429752066
"98",98,139,0.0100144892950393,-0.0264969477443709,0.256358765382346,0.150429264932321,0.282855713126717,0.17,605,0.158488557743481,0.393388429752066
"99",99,139,2.64555461632143e-07,-0.0143745570017442,0.608909301677775,0.515855263154816,0.623283858679519,0.17,605,0.158488557743481,0.393388429752066
"100",100,139,0.182339708624329,3.16667588418809e-05,0.108607649028623,0.175862818728302,0.108575982269781,0.17,605,0.158488557743481,0.393388429752066
"101",101,139,0.111955144334892,-0.01755810321449,0.11769061987982,0.145591375506601,0.13524872309431,0.17,605,0.158488557743481,0.393388429752066
"102",102,139,3.54817378095196e-05,0.0811817570512899,0.560414148360187,0.565766105670504,0.479232391308898,0.17,605,0.158488557743481,0.393388429752066
"103",103,139,0.11592135371103,-0.0298990350536677,0.129036951866686,0.178739271881069,0.158935986920353,0.17,605,0.158488557743481,0.393388429752066
"104",104,139,0.117129575852481,0.0786775686798484,0.219924262602828,0.0995388431006449,0.14124669392298,0.17,605,0.158488557743481,0.393388429752066
"105",105,139,1.34009145485887e-05,-0.138373312865017,0.346644354219125,0.451348458457832,0.485017667084142,0.17,605,0.158488557743481,0.393388429752066
"106",106,139,0.896923694427346,0.0120443195668753,-0.137555341925736,0.0182246283843292,-0.149599661492612,0.17,605,0.158488557743481,0.393388429752066
"107",107,139,0.0255629800113842,0.0565159320333577,0.294143708615158,0.17977461402634,0.2376277765818,0.17,605,0.158488557743481,0.393388429752066
"108",108,139,0.0426101476698429,0.0654332078776332,0.286751325274486,0.310097888707277,0.221318117396853,0.17,605,0.158488557743481,0.393388429752066
"109",109,139,0.00192434546013462,0.0601067634891501,0.43753890225304,0.429331148241018,0.37743213876389,0.17,605,0.158488557743481,0.393388429752066
"110",110,139,0.959132837705032,0.060713479971775,-0.140527556903283,0.0747450082899704,-0.201241036875058,0.17,605,0.158488557743481,0.393388429752066
"111",111,139,0.00011256779243011,-0.0228347182954314,0.430902851643508,0.277409884556447,0.45373756993894,0.17,605,0.158488557743481,0.393388429752066
"112",112,139,0.00116609762346733,-0.0412278753961745,0.32000135638268,0.281096977763925,0.361229231778854,0.17,605,0.158488557743481,0.393388429752066
"113",113,139,9.96720506643159e-05,-0.127269120545065,0.33040914094488,0.47437094398059,0.457678261489945,0.17,605,0.158488557743481,0.393388429752066
"114",114,139,0.512079835098644,0.0506945845885474,0.0468541957437427,0.146823033523378,-0.00384038884480473,0.17,605,0.158488557743481,0.393388429752066
"115",115,139,1.07071176305413e-07,-0.0327506040225035,0.586093305162454,0.47604551068346,0.618843909184957,0.17,605,0.158488557743481,0.393388429752066
"116",116,139,0.000454803877685806,0.031424360446719,0.447878591327322,0.332943817885873,0.416454230880603,0.17,605,0.158488557743481,0.393388429752066
"117",117,139,0.000101651997772837,-0.0458348179689271,0.413001318827441,0.284446649172633,0.458836136796369,0.17,605,0.158488557743481,0.393388429752066
"118",118,139,0.0392597174700447,-0.0242036010953936,0.188776391595579,0.214893514729323,0.212979992690972,0.17,605,0.158488557743481,0.393388429752066
"119",119,139,6.65206784390534e-12,-0.127864098958103,0.715898058246229,0.607220151326494,0.843762157204332,0.17,605,0.158488557743481,0.393388429752066
"120",120,139,0.206673246675348,-0.0287950574056576,0.070316117879902,0.169635487140269,0.0991111752855596,0.17,605,0.158488557743481,0.393388429752066
"121",121,139,1.46254886746209e-05,0.0972938419935397,0.567296754068427,0.399713339148758,0.470002912074887,0.17,605,0.158488557743481,0.393388429752066
"122",122,139,0.0640691713332089,0.0674100862707388,0.246990891611102,0.302444975138479,0.179580805340363,0.17,605,0.158488557743481,0.393388429752066
"123",123,139,4.38913834852798e-11,-0.100330143682091,0.664396040398232,0.622099008681427,0.764726184080323,0.17,605,0.158488557743481,0.393388429752066
"124",124,139,0.00564537697378297,-0.0881692243895292,0.232474170428818,0.182293014126032,0.320643394818348,0.17,605,0.158488557743481,0.393388429752066
"125",125,139,0.787511757461198,0.0167533214409175,-0.0778119749648932,0.104062613360006,-0.0945652964058107,0.17,605,0.158488557743481,0.393388429752066
"126",126,139,0.0728496074245034,-0.0956792711959223,0.0819220950615596,0.0422200125907155,0.177601366257482,0.17,605,0.158488557743481,0.393388429752066
"127",127,139,0.0164636752703308,0.0706354786381715,0.324059295091568,0.29105085360896,0.253423816453396,0.17,605,0.158488557743481,0.393388429752066
"128",128,139,3.28007433816248e-05,0.0118569982058379,0.474869419215193,0.422441522409169,0.463012421009355,0.17,605,0.158488557743481,0.393388429752066
"129",129,139,0.000527333622617413,-0.106037316609547,0.3119286490577,0.319549196034751,0.417965965667247,0.17,605,0.158488557743481,0.393388429752066
"130",130,139,0.601627587879837,-0.00489588130712877,-0.0361057927378557,0.00206599984227673,-0.0312099114307269,0.17,605,0.158488557743481,0.393388429752066
"131",131,139,0.528611210925635,0.016894408931318,0.00835709869295591,0.0326668645606897,-0.00853731023836208,0.17,605,0.158488557743481,0.393388429752066
"132",132,139,0.0902311131899345,-0.0606600673851372,0.1074849459267,0.253300581426671,0.168145013311837,0.17,605,0.158488557743481,0.393388429752066
"133",133,139,0.0150785680699965,-0.00403977576075698,0.248159660707649,0.193381229838223,0.252199436468406,0.17,605,0.158488557743481,0.393388429752066
"134",134,139,0.000362140890013702,-0.0367276091256105,0.369005091703096,0.116471259456305,0.405732700828707,0.17,605,0.158488557743481,0.393388429752066
"135",135,139,0.104457389072216,0.00770988242786862,0.167573247066719,0.0622479449238697,0.159863364638851,0.17,605,0.158488557743481,0.393388429752066
"136",136,139,0.0604407079797349,-0.130519917684541,0.0524830218872517,0.148977786862687,0.183002939571792,0.17,605,0.158488557743481,0.393388429752066
"137",137,139,0.00268654593180798,0.0194315393556609,0.37317476887834,0.487869798055554,0.353743229522679,0.17,605,0.158488557743481,0.393388429752066
"138",138,139,0.00107714334995842,-0.0606195021912337,0.289132447269123,0.253751310764089,0.349751949460357,0.17,605,0.158488557743481,0.393388429752066
"139",139,139,0.0904493233103588,0.0122318577735103,0.181067433215781,0.119876136432664,0.168835575442271,0.17,605,0.158488557743481,0.393388429752066
"140",140,139,0.00269552384021242,0.0612329335430989,0.377288999461176,0.335285397469354,0.316056065918077,0.17,605,0.158488557743481,0.393388429752066
"141",141,139,0.0212477487960065,-0.149294044890547,0.0981531683499608,0.0758456352110741,0.247447213240508,0.17,605,0.158488557743481,0.393388429752066
"142",142,139,0.0220983855098397,-0.130272293925202,0.100655015478229,0.0789438426386209,0.230927309403431,0.17,605,0.158488557743481,0.393388429752066
"143",143,139,0.0163314880841057,0.0437347806661876,0.323673972938821,0.397316437726921,0.279939192272633,0.17,605,0.158488557743481,0.393388429752066
"144",144,139,0.0115901392163345,0.11003148524109,0.374052189293919,0.265790044703944,0.264020704052829,0.17,605,0.158488557743481,0.393388429752066
"145",145,139,0.0318052593894896,0.00563573176977268,0.226770363487122,0.218096499288082,0.221134631717349,0.17,605,0.158488557743481,0.393388429752066
"146",146,139,0.00535404509015503,-0.148989036127473,0.13744155862815,0.0665810089004328,0.286430594755623,0.17,605,0.158488557743481,0.393388429752066
"147",147,139,0.0132005013766929,0.0815228558168208,0.356389231357281,0.48288953621656,0.27486637554046,0.17,605,0.158488557743481,0.393388429752066
"148",148,139,0.000234698714297391,-0.132545446297761,0.290163874252157,0.370365838543753,0.422709320549918,0.17,605,0.158488557743481,0.393388429752066
"149",149,139,0.00216843605722422,0.0423182105229176,0.391498796295439,0.311411104454737,0.349180585772522,0.17,605,0.158488557743481,0.393388429752066
"150",150,139,5.27884071371089e-08,-0.0873346729043092,0.565691059045109,0.45635410321108,0.653025731949418,0.17,605,0.158488557743481,0.393388429752066
"151",151,139,1.55554112357377e-06,0.00825170271013499,0.54300486701154,0.432632732936848,0.534753164301405,0.17,605,0.158488557743481,0.393388429752066
"152",152,139,0.000655835810269981,0.103939927767496,0.48426750295419,0.495164400228896,0.380327575186693,0.17,605,0.158488557743481,0.393388429752066
"153",153,139,0.304902028117928,-0.0494992710525833,0.00935406840720905,0.0139903449146507,0.0588533394597923,0.17,605,0.158488557743481,0.393388429752066
"154",154,139,0.0291601704640671,-0.0181021492906428,0.218359308590592,0.298726592075943,0.236461457881235,0.17,605,0.158488557743481,0.393388429752066
"155",155,139,0.78893789911111,0.0245862434348755,-0.0815469013251252,0.0142901829355164,-0.106133144760001,0.17,605,0.158488557743481,0.393388429752066
"156",156,139,0.000273617870842195,0.0757368681738403,0.494337918106337,0.464003829839444,0.418601049932496,0.17,605,0.158488557743481,0.393388429752066
"157",157,139,0.24442005314713,0.0558784174117885,0.140373829776906,0.23486522385558,0.0844954123651178,0.17,605,0.158488557743481,0.393388429752066
"158",158,139,1.21646709218805e-05,-0.00287347575956694,0.517955131924907,0.355662851103908,0.520828607684474,0.17,605,0.158488557743481,0.393388429752066
"159",159,139,0.385011673207993,-0.0682750098702753,-0.0342269772806841,0.0508360367359806,0.0340480325895913,0.17,605,0.158488557743481,0.393388429752066
"160",160,139,0.00341713240838054,-0.000750571414126972,0.343054961464075,0.272693709050176,0.343805532878202,0.17,605,0.158488557743481,0.393388429752066
"161",161,139,2.54533531262642e-10,-0.113056451738692,0.655074342902207,0.581088595030601,0.768130794640899,0.17,605,0.158488557743481,0.393388429752066
"162",162,139,0.00313179478441255,-0.21654170601203,0.114987611347699,0.150171325481097,0.33152931735973,0.17,605,0.158488557743481,0.393388429752066
"163",163,139,0.258667586019524,0.104436122721274,0.176143283890924,0.173208347991622,0.0717071611696505,0.17,605,0.158488557743481,0.393388429752066
"164",164,139,4.14387831185579e-08,-0.105243248391848,0.548685859958336,0.566335043664282,0.653929108350184,0.17,605,0.158488557743481,0.393388429752066
"165",165,139,0.00141242504971847,-0.126183769589725,0.24407982182012,0.265486355804392,0.370263591409844,0.17,605,0.158488557743481,0.393388429752066
"166",166,139,0.131511953816869,-0.0265733899156754,0.110739037600404,0.0416492640658929,0.13731242751608,0.17,605,0.158488557743481,0.393388429752066
"167",167,139,0.0008500979727231,0.104944691059741,0.473035535375452,0.559538624433088,0.368090844315711,0.17,605,0.158488557743481,0.393388429752066
"168",168,139,0.829905851307198,0.124929101137892,0.0146125057784521,0.075222687404831,-0.11031659535944,0.17,605,0.158488557743481,0.393388429752066
"169",169,139,0.513302544245591,-0.0274855930225331,-0.0313611395747735,0.0193563353719722,-0.00387554655224042,0.17,605,0.158488557743481,0.393388429752066
"170",170,139,0.00759938263740304,0.0200780770656901,0.309382753311099,0.438612198070557,0.289304676245409,0.17,605,0.158488557743481,0.393388429752066
"171",171,139,0.000545293134448494,-0.114981209815318,0.278380018930451,0.176154900870765,0.393361228745769,0.17,605,0.158488557743481,0.393388429752066
"172",172,139,0.260864264633503,0.0267071184218268,0.10014472746014,0.139056508644479,0.0734376090383135,0.17,605,0.158488557743481,0.393388429752066
"173",173,139,0.994470189145041,0.157943604793978,-0.161019795425967,0.0384390841692761,-0.318963400219945,0.17,605,0.158488557743481,0.393388429752066
"174",174,139,0.00115003678900172,0.0901162138612164,0.453507411591656,0.297634249379108,0.36339119773044,0.17,605,0.158488557743481,0.393388429752066
"175",175,139,0.911363841369365,0.146171157975062,-0.0163357833077087,0.0479347661914648,-0.162506941282771,0.17,605,0.158488557743481,0.393388429752066
"176",176,139,0.284663593510294,0.12308062280931,0.19805420862616,0.352300243851588,0.0749735858168502,0.17,605,0.158488557743481,0.393388429752066
"177",177,139,0.00236496784204766,-0.0616144584313865,0.268086422272762,0.276378631168879,0.329700880704148,0.17,605,0.158488557743481,0.393388429752066
"178",178,139,0.0645058229266045,0.00527096930102719,0.194173372455982,0.30322836875518,0.188902403154954,0.17,605,0.158488557743481,0.393388429752066
"179",179,139,0.00707075708016794,-0.0445527376281399,0.256469057065437,0.384407585771768,0.301021794693577,0.17,605,0.158488557743481,0.393388429752066
"180",180,139,0.000837562000610698,0.0832543301319809,0.447191781477327,0.357705974864847,0.363937451345346,0.17,605,0.158488557743481,0.393388429752066
"181",181,139,0.0228367106814113,0.109288123098743,0.351943926807034,0.296624404051868,0.242655803708291,0.17,605,0.158488557743481,0.393388429752066
"182",182,139,0.00105443759992903,-0.0139576179700811,0.342084142031306,0.291441461727641,0.356041760001387,0.17,605,0.158488557743481,0.393388429752066
"183",183,139,0.0357696743556089,-0.129805400590423,0.0722091860672206,0.188205324520348,0.202014586657643,0.17,605,0.158488557743481,0.393388429752066
"184",184,139,0.00175201175249468,0.0257462358130257,0.375807312433674,0.287724129630968,0.350061076620648,0.17,605,0.158488557743481,0.393388429752066
"185",185,139,0.000382590618059966,-0.00944226888161072,0.410569733686059,0.483561756518448,0.42001200256767,0.17,605,0.158488557743481,0.393388429752066
"186",186,139,0.881817062778144,0.058291967310574,-0.0807846127595614,0.0120071019544812,-0.139076580070135,0.17,605,0.158488557743481,0.393388429752066
"187",187,139,0.0126803195918202,-0.106708752645089,0.15253073828983,0.152652330135469,0.25923949093492,0.17,605,0.158488557743481,0.393388429752066
"188",188,139,0.00165865649721092,-0.0436198685526158,0.315659396485491,0.405436750107258,0.359279265038107,0.17,605,0.158488557743481,0.393388429752066
"189",189,139,0.0227198874750054,0.0771907518233167,0.319390503858571,0.212937956066967,0.242199752035254,0.17,605,0.158488557743481,0.393388429752066
"190",190,139,1.41073697047549e-05,-0.104847947706589,0.404054083883362,0.38856998582225,0.508902031589951,0.17,605,0.158488557743481,0.393388429752066
"191",191,139,2.20961758110398e-05,0.00325542760705678,0.490592324663652,0.557953017835908,0.487336897056595,0.17,605,0.158488557743481,0.393388429752066
"192",192,139,0.736400543302958,0.123878808304039,0.0479455912668784,0.257479947556659,-0.0759332170371602,0.17,605,0.158488557743481,0.393388429752066
"193",193,139,0.452221562553632,-0.0531207794295516,-0.0396772408351063,0.125326727628824,0.0134435385944453,0.17,605,0.158488557743481,0.393388429752066
"194",194,139,0.000359282750989733,0.0423635510761925,0.456828359238439,0.454912115542797,0.414464808162247,0.17,605,0.158488557743481,0.393388429752066
"195",195,139,0.48669568558578,0.00348043171966779,0.00749718690782342,0.13142979782891,0.00401675518815564,0.17,605,0.158488557743481,0.393388429752066
"196",196,139,0.00386004617295992,-0.0642504827748932,0.248889917502413,0.272688783643493,0.313140400277307,0.17,605,0.158488557743481,0.393388429752066
"197",197,139,0.698784748666612,-0.00914345256568964,-0.0735162653754029,0.0541623413116285,-0.0643728128097132,0.17,605,0.158488557743481,0.393388429752066
"198",198,139,0.156974643152926,0.159211559518133,0.285658895170352,0.310048422083823,0.126447335652219,0.17,605,0.158488557743481,0.393388429752066
"199",199,139,0.0175138973662295,0.0402139443475283,0.289224847858619,0.251427960022372,0.249010903511091,0.17,605,0.158488557743481,0.393388429752066
"200",200,139,0.00284628363028891,-0.0546520196789732,0.277116915436776,0.304039114857708,0.331768935115749,0.17,605,0.158488557743481,0.393388429752066
"201",201,139,0.376527860616598,0.153302408761778,0.189868650541421,0.199120934453983,0.0365662417796423,0.17,605,0.158488557743481,0.393388429752066
"202",202,139,3.18123025797996e-05,0.108659196362511,0.555424509745902,0.360522190834478,0.44676531338339,0.17,605,0.158488557743481,0.393388429752066
"203",203,139,2.14799660751725e-09,0.147131981007609,0.891989856451522,0.668846352596659,0.744857875443913,0.17,605,0.158488557743481,0.393388429752066
"204",204,139,0.00488300480625106,-0.00118215283486818,0.280765131387937,0.376898865286793,0.281947284222805,0.17,605,0.158488557743481,0.393388429752066
"205",205,139,1.89910096391523e-07,0.045156207704953,0.635811624998862,0.740669508924097,0.590655417293909,0.17,605,0.158488557743481,0.393388429752066
"206",206,139,5.02037332332174e-09,-0.0408600671814687,0.686573518008336,0.644415374516059,0.727433585189805,0.17,605,0.158488557743481,0.393388429752066
"207",207,139,0.0169874652895852,0.0924277677213518,0.372042854908328,0.35273344793522,0.279615087186976,0.17,605,0.158488557743481,0.393388429752066
"208",208,139,0.00836182774046597,0.0629734661487575,0.361287945604352,0.393906985229613,0.298314479455595,0.17,605,0.158488557743481,0.393388429752066
"209",209,139,0.00317453637096163,-0.018603525786801,0.304407241796196,0.437948518363281,0.323010767582997,0.17,605,0.158488557743481,0.393388429752066
"210",210,139,1.95747694440431e-06,-0.0149844449454524,0.512188401222395,0.400786134593212,0.527172846167847,0.17,605,0.158488557743481,0.393388429752066
"211",211,139,0.000933253435798597,0.0779235965688844,0.45849935164838,0.425830050409291,0.380575755079495,0.17,605,0.158488557743481,0.393388429752066
"212",212,139,0.000482193200677243,-0.0307356293274886,0.372127914586824,0.179112807246078,0.402863543914313,0.17,605,0.158488557743481,0.393388429752066
"213",213,139,0.0246650602188264,-0.175674477447016,0.0585342512819333,0.0688111998291253,0.234208728728949,0.17,605,0.158488557743481,0.393388429752066
"214",214,139,0.00224482685899201,-0.069030292744674,0.263005028964468,0.362927096327063,0.332035321709142,0.17,605,0.158488557743481,0.393388429752066
"215",215,139,0.695773407265293,0.0792199901902317,0.0166834585092989,0.0720886197246869,-0.0625365316809328,0.17,605,0.158488557743481,0.393388429752066
"216",216,139,0.0245706907743274,-0.111511815017405,0.132860560887652,0.119412321156392,0.244372375905057,0.17,605,0.158488557743481,0.393388429752066
"217",217,139,0.000165486800282607,-0.00215115450221131,0.453537543071932,0.37310338188869,0.455688697574143,0.17,605,0.158488557743481,0.393388429752066
"218",218,139,0.981164737640017,0.191164571478145,-0.0431399576279085,0.0242807566079166,-0.234304529106054,0.17,605,0.158488557743481,0.393388429752066
"219",219,139,0.0195838849429065,-0.0723988598639416,0.174712728015762,0.24614567318946,0.247111587879704,0.17,605,0.158488557743481,0.393388429752066
"220",220,139,0.0200160814699681,0.106756371301136,0.357933983155501,0.340400348618524,0.251177611854365,0.17,605,0.158488557743481,0.393388429752066
"221",221,139,0.0305596761776007,0.0190369800219706,0.251802578628984,0.344429150426689,0.232765598607014,0.17,605,0.158488557743481,0.393388429752066
"222",222,139,0.675447605002724,0.0359140440189608,-0.0177897418670321,0.145333056389327,-0.0537037858859929,0.17,605,0.158488557743481,0.393388429752066
"223",223,139,6.06144573483544e-06,0.176016504268916,0.704814787796414,0.62078255424432,0.528798283527498,0.17,605,0.158488557743481,0.393388429752066
"224",224,139,0.0208624230826483,-0.0697798912487499,0.187723749930672,0.278956847949616,0.257503641179422,0.17,605,0.158488557743481,0.393388429752066
"225",225,139,0.000229168927926062,-0.0850273351182123,0.33123359227308,0.331955474960233,0.416260927391293,0.17,605,0.158488557743481,0.393388429752066
"226",226,139,0.364324257766157,0.0509291655352047,0.0931383960684231,0.152245183974627,0.0422092305332184,0.17,605,0.158488557743481,0.393388429752066
"227",227,139,0.000260801890302969,0.037927459125638,0.472635555298947,0.3956023195719,0.434708096173309,0.17,605,0.158488557743481,0.393388429752066
"228",228,139,0.00134379663836376,-0.0539426490804631,0.312563459790214,0.281157650706534,0.366506108870677,0.17,605,0.158488557743481,0.393388429752066
"229",229,139,1.31902080051419e-06,-0.00380035671752715,0.590690948351325,0.590566775977665,0.594491305068853,0.17,605,0.158488557743481,0.393388429752066
"230",230,139,0.0150712359572364,0.0746800695492736,0.323878921615939,0.311231735592672,0.249198852066665,0.17,605,0.158488557743481,0.393388429752066
"231",231,139,0.834042411667876,-0.00276088729065704,-0.118264702358866,0.0256970374008518,-0.115503815068209,0.17,605,0.158488557743481,0.393388429752066
"232",232,139,0.774242919943222,0.111919968404658,0.0253392576719381,0.0558337751094435,-0.0865807107327195,0.17,605,0.158488557743481,0.393388429752066
"233",233,139,1.59879394406985e-05,0.11176569420112,0.627949196494011,0.613043101015248,0.516183502292891,0.17,605,0.158488557743481,0.393388429752066
"234",234,139,0.214037636900132,0.0240827614510924,0.115932620003626,0.130199825663787,0.0918498585525336,0.17,605,0.158488557743481,0.393388429752066
"235",235,139,0.0140512147229961,0.062630376792772,0.316351818658098,0.447676670226534,0.253721441865326,0.17,605,0.158488557743481,0.393388429752066
"236",236,139,1.10624612756584e-05,-0.0215115476693433,0.459415766568085,0.333564456944489,0.480927314237428,0.17,605,0.158488557743481,0.393388429752066
"237",237,139,0.31149291192181,0.0902162965154843,0.149868612007697,0.151796001049974,0.0596523154922129,0.17,605,0.158488557743481,0.393388429752066
"238",238,139,1.62606463294348e-08,-0.207228679208341,0.501255644855701,0.403455209333645,0.708484324064042,0.17,605,0.158488557743481,0.393388429752066
"239",239,139,0.450037912285353,-0.000712116411002099,0.0152924607301385,0.103232902303049,0.0160045771411406,0.17,605,0.158488557743481,0.393388429752066
"240",240,139,1.69717799252184e-08,-0.137343314555424,0.55216192119842,0.402051411858495,0.689505235753844,0.17,605,0.158488557743481,0.393388429752066
"241",241,139,2.44603425525532e-07,0.0968879074264405,0.696465143408951,0.531371333337888,0.59957723598251,0.17,605,0.158488557743481,0.393388429752066
"242",242,139,0.482996748535877,-0.0192747671445875,-0.01387614722862,0.0395227024231425,0.00539861991596756,0.17,605,0.158488557743481,0.393388429752066
"243",243,139,0.209852551445631,0.0475033960172727,0.145524298204262,0.139932283292434,0.0980209021869889,0.17,605,0.158488557743481,0.393388429752066
"244",244,139,0.00344871273238745,-0.141885334113974,0.186304874897623,0.106303378232959,0.328190209011597,0.17,605,0.158488557743481,0.393388429752066
"245",245,139,0.0215088181530926,0.0200391083535011,0.267445972085396,0.196178142886157,0.247406863731895,0.17,605,0.158488557743481,0.393388429752066
"246",246,139,6.77008099194358e-09,-0.0596035013714559,0.645354507612115,0.604121153640867,0.704958008983571,0.17,605,0.158488557743481,0.393388429752066
"247",247,139,0.332936359784663,0.0151614500409334,0.0633585814910005,0.0593835269731498,0.0481971314500671,0.17,605,0.158488557743481,0.393388429752066
"248",248,139,0.165211794090575,0.0520513732810174,0.172984807815382,0.227454058770305,0.120933434534365,0.17,605,0.158488557743481,0.393388429752066
"249",249,139,0.422235659892036,-0.0232225935953043,-0.000645651498802227,0.0136674233030904,0.0225769420965021,0.17,605,0.158488557743481,0.393388429752066
"250",250,139,1.13725477616658e-08,-0.0226384011074733,0.678319893335773,0.670983642770915,0.700958294443246,0.17,605,0.158488557743481,0.393388429752066
"251",251,139,1.28548915043993e-06,-0.00470499440745376,0.616819718148931,0.512024427681651,0.621524712556385,0.17,605,0.158488557743481,0.393388429752066
"252",252,139,0.774590947031546,0.12105669073103,0.0308313080145981,0.0614659004626189,-0.0902253827164314,0.17,605,0.158488557743481,0.393388429752066
"253",253,139,4.92094129143917e-06,0.0162805043689272,0.534098476594541,0.445881407809629,0.517817972225614,0.17,605,0.158488557743481,0.393388429752066
"254",254,139,0.00456801168808434,-0.136629314848731,0.16738173995937,0.209843948673799,0.304011054808102,0.17,605,0.158488557743481,0.393388429752066
"255",255,139,0.184067971269373,0.134042747519387,0.240227241427502,0.214800984673625,0.106184493908115,0.17,605,0.158488557743481,0.393388429752066
"256",256,139,0.0805489773646595,-0.128752613665133,0.0273483280213956,0.128615971664562,0.156100941686528,0.17,605,0.158488557743481,0.393388429752066
"257",257,139,0.0373453804875542,-0.0849099008870931,0.131857376347251,0.124013003430613,0.216767277234344,0.17,605,0.158488557743481,0.393388429752066
"258",258,139,0.148058963685619,-0.0946833838213894,0.0282613579156025,0.233261786448523,0.122944741736992,0.17,605,0.158488557743481,0.393388429752066
"259",259,139,6.38893296410346e-05,0.0211908202558172,0.478558984045698,0.42226232060088,0.45736816378988,0.17,605,0.158488557743481,0.393388429752066
"260",260,139,0.0681800979212025,-0.0388734509920232,0.142737589941959,0.14995788540838,0.181611040933982,0.17,605,0.158488557743481,0.393388429752066
"261",261,139,0.00200417294731055,-0.142079316694914,0.187734491955086,0.0898615317579998,0.32981380865,0.17,605,0.158488557743481,0.393388429752066
"262",262,139,0.000523168768011827,0.0926541617947934,0.467853635897081,0.523403445999162,0.375199474102288,0.17,605,0.158488557743481,0.393388429752066
"263",263,139,4.30464935783622e-05,-0.0615138356105415,0.450637087558299,0.326599947583505,0.512150923168841,0.17,605,0.158488557743481,0.393388429752066
"264",264,139,1.08308865808402e-05,0.112217201077467,0.632257580534683,0.537162019591702,0.520040379457216,0.17,605,0.158488557743481,0.393388429752066
"265",265,139,0.0135715207238489,-0.123794353188441,0.14416547427814,0.400046178469777,0.267959827466582,0.17,605,0.158488557743481,0.393388429752066
"266",266,139,0.562541531200972,0.0764450058812547,0.0572492231813262,0.121050885737066,-0.0191957826999285,0.17,605,0.158488557743481,0.393388429752066
"267",267,139,0.0297554339306588,-0.0344823113805883,0.198841606616016,0.269004537056543,0.233323917996605,0.17,605,0.158488557743481,0.393388429752066
"268",268,139,0.643431627108373,0.0874176063090258,0.0392433642851716,0.022358145779218,-0.0481742420238542,0.17,605,0.158488557743481,0.393388429752066
"269",269,139,0.0321861603249382,-0.0876716673732621,0.151024191112271,0.0953721375919859,0.238695858485533,0.17,605,0.158488557743481,0.393388429752066
"270",270,139,0.0869917576068341,0.0314970164117728,0.195012572956075,0.235348889529756,0.163515556544302,0.17,605,0.158488557743481,0.393388429752066
"271",271,139,0.765392565134577,0.112225783628821,0.0321724520831355,0.161118626386621,-0.0800533315456853,0.17,605,0.158488557743481,0.393388429752066
"272",272,139,0.00530128264412369,0.049009021387141,0.328085514268195,0.360351208492271,0.279076492881054,0.17,605,0.158488557743481,0.393388429752066
"273",273,139,0.0272825569127562,-0.107709654533795,0.123297145502845,0.174570832176011,0.231006800036641,0.17,605,0.158488557743481,0.393388429752066
"274",274,139,3.6208953595209e-06,-0.042913334319521,0.528570572067217,0.348258270156415,0.571483906386738,0.17,605,0.158488557743481,0.393388429752066
"275",275,139,0.000106120172459029,-0.160497392954583,0.286206385603569,0.114167424245363,0.446703778558153,0.17,605,0.158488557743481,0.393388429752066
"276",276,139,0.03016217596792,0.0774046136198733,0.317024104824044,0.349892680502507,0.23961949120417,0.17,605,0.158488557743481,0.393388429752066
"277",277,139,2.70035343608587e-06,-0.310545957842549,0.246714941948499,0.31606262456148,0.557260899791048,0.17,605,0.158488557743481,0.393388429752066
"278",278,139,0.384778151238176,-0.0469700612768565,-0.0122628536354012,0.140482753504855,0.0347072076414553,0.17,605,0.158488557743481,0.393388429752066
"279",279,139,0.000276322642169117,-0.0100435380052053,0.4064110300327,0.0792970708289773,0.416454568037905,0.17,605,0.158488557743481,0.393388429752066
"280",280,139,0.0283736806314255,-0.0366455746080766,0.199680854928475,0.310396283420334,0.236326429536552,0.17,605,0.158488557743481,0.393388429752066
"281",281,139,0.00126253737213572,0.0498240796065978,0.419731123154481,0.436224616770041,0.369907043547883,0.17,605,0.158488557743481,0.393388429752066
"282",282,139,0.314303798674122,0.0679909072103087,0.124609354017019,0.0393628694884465,0.05661844680671,0.17,605,0.158488557743481,0.393388429752066
"283",283,139,0.0136520376297923,-0.070839205759402,0.199710495022748,0.265099518172736,0.27054970078215,0.17,605,0.158488557743481,0.393388429752066
"284",284,139,2.10829894086011e-08,-0.0496537834474766,0.62624164742484,0.672486617870358,0.675895430872317,0.17,605,0.158488557743481,0.393388429752066
"285",285,139,4.29308557784278e-05,0.0351571476259059,0.494914393037994,0.534586784588148,0.459757245412088,0.17,605,0.158488557743481,0.393388429752066
"286",286,139,0.000365061693437896,-0.0830773812020017,0.320917575534241,0.357095033319269,0.403994956736243,0.17,605,0.158488557743481,0.393388429752066
"287",287,139,3.84264892665808e-05,0.0728363907883756,0.57062108539009,0.600349432185362,0.497784694601714,0.17,605,0.158488557743481,0.393388429752066
"288",288,139,3.8343373961244e-05,-0.0842369442524568,0.362463375829414,0.33200308856168,0.446700320081871,0.17,605,0.158488557743481,0.393388429752066
"289",289,139,0.569551315413936,-0.0220842940987393,-0.0414883020717025,0.0168523876734169,-0.0194040079729632,0.17,605,0.158488557743481,0.393388429752066
"290",290,139,0.00840642973902133,0.0627748550183247,0.354822213635206,0.365158798509373,0.292047358616881,0.17,605,0.158488557743481,0.393388429752066
"291",291,139,0.256310311309491,-0.107964844704941,-0.0339741112798976,0.035572303961315,0.0739907334250437,0.17,605,0.158488557743481,0.393388429752066
"292",292,139,0.000213262464015407,-0.0724082705309671,0.340903700163893,0.361199457714188,0.41331197069486,0.17,605,0.158488557743481,0.393388429752066
"293",293,139,5.67216388593468e-05,0.0104525459323003,0.463044814556244,0.348596003247494,0.452592268623943,0.17,605,0.158488557743481,0.393388429752066
"294",294,139,0.00715663704539915,0.0347827012978786,0.311747903962456,0.327009348946524,0.276965202664577,0.17,605,0.158488557743481,0.393388429752066
"295",295,139,0.000701835557228969,-0.137184494548467,0.248300459839373,0.309407632821901,0.385484954387839,0.17,605,0.158488557743481,0.393388429752066
"296",296,139,1.70291241608319e-06,0.0966221145330461,0.68540878642114,0.720043891434741,0.588786671888094,0.17,605,0.158488557743481,0.393388429752066
"297",297,139,0.466997392018165,-0.0287649154536612,-0.0190080130416414,0.00110319689525543,0.00975690241201982,0.17,605,0.158488557743481,0.393388429752066
"298",298,139,0.480770343818373,-0.0975402492539995,-0.0917741829424082,0.062424218691927,0.00576606631159121,0.17,605,0.158488557743481,0.393388429752066
"299",299,139,0.133931328753119,0.00824143675318992,0.150256298683048,0.13717816206199,0.142014861929858,0.17,605,0.158488557743481,0.393388429752066
"300",300,139,0.00283896317888695,-0.0189336309721163,0.323217117550648,0.320043069440855,0.342150748522765,0.17,605,0.158488557743481,0.393388429752066
"301",301,139,2.8045053086003e-11,-0.0618342257847402,0.732777011244705,0.710307944818921,0.794611237029446,0.17,605,0.158488557743481,0.393388429752066
"302",302,139,0.110872549751176,0.098927718519087,0.244652837667397,0.16421833841231,0.14572511914831,0.17,605,0.158488557743481,0.393388429752066
"303",303,139,0.000531408622256583,-0.106501393351123,0.283141498443472,0.258069835693725,0.389642891794595,0.17,605,0.158488557743481,0.393388429752066
"304",304,139,0.111761387887572,0.12998900427882,0.268885832214782,0.234811605941623,0.138896827935962,0.17,605,0.158488557743481,0.393388429752066
"305",305,139,0.00116167340427794,-0.0494780217808979,0.327057890495025,0.241687363668309,0.376535912275923,0.17,605,0.158488557743481,0.393388429752066
"306",306,139,0.0288361552318197,-0.0980803729776321,0.132451447749393,0.315038757888263,0.230531820727025,0.17,605,0.158488557743481,0.393388429752066
"307",307,139,0.017080772889161,-0.109419735563561,0.149304834553887,0.223366743419682,0.258724570117449,0.17,605,0.158488557743481,0.393388429752066
"308",308,139,0.624718316783421,0.0174302627087613,-0.0197523906400137,0.0429083471076895,-0.037182653348775,0.17,605,0.158488557743481,0.393388429752066
"309",309,139,0.197239586087839,0.0601740348594021,0.156507000863639,0.0622217663430189,0.0963329660042372,0.17,605,0.158488557743481,0.393388429752066
"310",310,139,0.300905576362732,0.116981894756377,0.1843845292337,0.0640937461079064,0.0674026344773239,0.17,605,0.158488557743481,0.393388429752066
"311",311,139,0.0724686024035733,-0.0974731271984617,0.05833184056082,0.00873524396499076,0.155804967759282,0.17,605,0.158488557743481,0.393388429752066
"312",312,139,0.000141075017866312,-0.0791223810404231,0.335877551731613,0.269910964232172,0.414999932772036,0.17,605,0.158488557743481,0.393388429752066
"313",313,139,0.00625363028352482,0.0933175110754428,0.412928936473983,0.337241642325996,0.319611425398541,0.17,605,0.158488557743481,0.393388429752066
"314",314,139,0.000220265566886206,0.0694688138734766,0.486894628923595,0.498768276534109,0.417425815050118,0.17,605,0.158488557743481,0.393388429752066
"315",315,139,5.12644432000553e-05,0.0348072865821051,0.522446127407258,0.598964904378317,0.487638840825153,0.17,605,0.158488557743481,0.393388429752066
"316",316,139,0.00810829473801453,0.0410747257891109,0.306036793890551,0.337493999029339,0.26496206810144,0.17,605,0.158488557743481,0.393388429752066
"317",317,139,0.00056171679183545,0.0821489877849163,0.482167242598835,0.427048356123633,0.400018254813918,0.17,605,0.158488557743481,0.393388429752066
"318",318,139,0.0957908189325177,-0.0891203312529702,0.0759180741363316,0.0885188479646216,0.165038405389302,0.17,605,0.158488557743481,0.393388429752066
"319",319,139,0.0533019189806785,0.0419523073404729,0.243969444921604,0.197264759115648,0.202017137581131,0.17,605,0.158488557743481,0.393388429752066
"320",320,139,0.00144955888633102,-0.0649569975266062,0.28145524774146,0.324487979295774,0.346412245268066,0.17,605,0.158488557743481,0.393388429752066
"321",321,139,0.506985609429535,0.0121891943671607,0.0101773009950187,0.0575709078656978,-0.00201189337214193,0.17,605,0.158488557743481,0.393388429752066
"322",322,139,0.016876309334517,0.0768242200980383,0.337223508401032,0.299422426455344,0.260399288302994,0.17,605,0.158488557743481,0.393388429752066
"323",323,139,0.40447284573905,-0.060432470565685,-0.033178996664174,0.0109278071331088,0.027253473901511,0.17,605,0.158488557743481,0.393388429752066
"324",324,139,0.000186962118647213,0.0958491723959832,0.545465260790993,0.412868313268385,0.449616088395009,0.17,605,0.158488557743481,0.393388429752066
"325",325,139,2.62833125006677e-07,-0.233667933638547,0.418504306352777,0.356582833574758,0.652172239991324,0.17,605,0.158488557743481,0.393388429752066
"326",326,139,0.000345158070352165,-0.145617372300402,0.285061809236567,0.158591890908675,0.430679181536968,0.17,605,0.158488557743481,0.393388429752066
"327",327,139,0.13897380270032,-0.0086141846227082,0.130129018134721,0.0781651100739668,0.138743202757429,0.17,605,0.158488557743481,0.393388429752066
"328",328,139,0.167037602616174,0.0144387726310944,0.127195009409988,0.232362016253063,0.112756236778894,0.17,605,0.158488557743481,0.393388429752066
"329",329,139,0.711928596677174,-0.109243520922279,-0.177522819561035,0.0437311474623767,-0.0682792986387563,0.17,605,0.158488557743481,0.393388429752066
"330",330,139,0.00795185867796742,0.00516529291112115,0.293408884662734,0.337172656103987,0.288243591751613,0.17,605,0.158488557743481,0.393388429752066
"331",331,139,0.69462932066946,0.0237640498483233,-0.0333071229723962,0.00969961968308887,-0.0570711728207195,0.17,605,0.158488557743481,0.393388429752066
"332",332,139,0.348297463291323,0.0130096873710516,0.0594093505459783,0.0547644915811129,0.0463996631749267,0.17,605,0.158488557743481,0.393388429752066
"333",333,139,0.0197020571861574,0.0944203036143758,0.337872390571546,0.318950877702931,0.24345208695717,0.17,605,0.158488557743481,0.393388429752066
"334",334,139,0.00025390726722698,-0.124259962769085,0.316784723848389,0.168374014373413,0.441044686617474,0.17,605,0.158488557743481,0.393388429752066
"335",335,139,0.000803319982730346,-0.0191538673388305,0.375026311656538,0.28533545022774,0.394180178995368,0.17,605,0.158488557743481,0.393388429752066
"336",336,139,0.00135970863957348,-0.0176566994639414,0.341479243372993,0.270505290223273,0.359135942836935,0.17,605,0.158488557743481,0.393388429752066
"337",337,139,3.43796508035002e-07,-0.0328052168424011,0.605931593314484,0.439557424375947,0.638736810156885,0.17,605,0.158488557743481,0.393388429752066
"338",338,139,0.00351824315224325,-0.0447103571868635,0.291264038241183,0.244602954098098,0.335974395428046,0.17,605,0.158488557743481,0.393388429752066
"339",339,139,0.000719748554849081,-0.183602103475364,0.192455861443567,0.218604089922625,0.376057964918931,0.17,605,0.158488557743481,0.393388429752066
"340",340,139,4.17127951301683e-07,-0.0123563348489444,0.593534436897044,0.467684466546033,0.605890771745988,0.17,605,0.158488557743481,0.393388429752066
"341",341,139,0.00646485643525676,-0.0643388376733851,0.252278130328545,0.186518746438947,0.31661696800193,0.17,605,0.158488557743481,0.393388429752066
"342",342,139,5.47710984522879e-05,-0.0749210687586239,0.437684470738879,0.339678566751605,0.512605539497503,0.17,605,0.158488557743481,0.393388429752066
"343",343,139,0.806288587493317,-0.00178586842195294,-0.108121687686893,0.0307953405286859,-0.10633581926494,0.17,605,0.158488557743481,0.393388429752066
"344",344,139,3.66885605255086e-05,-0.0040987074678545,0.496773008664619,0.461883257049091,0.500871716132473,0.17,605,0.158488557743481,0.393388429752066
"345",345,139,6.3108209847873e-07,-0.0554081121317679,0.529350099840892,0.479483048223267,0.58475821197266,0.17,605,0.158488557743481,0.393388429752066
"346",346,139,9.78032890245682e-06,-0.0840979718165429,0.421155353762997,0.492711739075042,0.50525332557954,0.17,605,0.158488557743481,0.393388429752066
"347",347,139,0.904236045654145,0.00636195833234672,-0.148411722267876,0.00114991567864663,-0.154773680600222,0.17,605,0.158488557743481,0.393388429752066
"348",348,139,3.23322551284183e-06,-0.0178566775386823,0.522310933474379,0.388545754574051,0.540167611013062,0.17,605,0.158488557743481,0.393388429752066
"349",349,139,1.98203767541294e-05,-0.0257047397235149,0.491356772016217,0.537338957119729,0.517061511739731,0.17,605,0.158488557743481,0.393388429752066
"350",350,139,9.08872571969346e-09,0.0278897046755518,0.704344097769787,0.576356218117403,0.676454393094235,0.17,605,0.158488557743481,0.393388429752066
"351",351,139,6.55247013746788e-09,-0.234329012969701,0.448641466266109,0.289074650248365,0.682970479235811,0.17,605,0.158488557743481,0.393388429752066
"352",352,139,0.0118201183588703,-0.00905605442184837,0.262700230305086,0.261957498840817,0.271756284726935,0.17,605,0.158488557743481,0.393388429752066
"353",353,139,0.97342892089684,0.106932549961069,-0.123239573979055,0.0386940623873009,-0.230172123940124,0.17,605,0.158488557743481,0.393388429752066
"354",354,139,0.011236530450502,0.0992329371177571,0.381179056320574,0.410892137040029,0.281946119202817,0.17,605,0.158488557743481,0.393388429752066
"355",355,139,2.43110866143487e-05,0.0177760191706532,0.500305990407443,0.520826144297328,0.482529971236789,0.17,605,0.158488557743481,0.393388429752066
"356",356,139,0.000153145538751252,-0.1279572574226,0.306775443793197,0.389129330012963,0.434732701215797,0.17,605,0.158488557743481,0.393388429752066
"357",357,139,0.859800640588495,-0.0748232587351292,-0.201000759750373,0.00774486357664792,-0.126177501015244,0.17,605,0.158488557743481,0.393388429752066
"358",358,139,8.28376736932284e-06,-0.0686223237233404,0.472495954232263,0.424907205237949,0.541118277955603,0.17,605,0.158488557743481,0.393388429752066
"359",359,139,0.00281543302759654,-0.087190450588965,0.242460434269173,0.204000513248455,0.329650884858138,0.17,605,0.158488557743481,0.393388429752066
"360",360,139,0.20447118466767,-0.0545743990839758,0.040830676602224,0.0451745566511476,0.0954050756861998,0.17,605,0.158488557743481,0.393388429752066
"361",361,139,0.000409302050168286,-0.0348619386821807,0.378297062602376,0.307831084542552,0.413159001284557,0.17,605,0.158488557743481,0.393388429752066
"362",362,139,0.0023347419194079,-0.097149194295331,0.246132245292983,0.338528761304241,0.343281439588314,0.17,605,0.158488557743481,0.393388429752066
"363",363,139,0.110490455127306,-0.123726393023055,0.0238867064018562,0.159637434921009,0.147613099424911,0.17,605,0.158488557743481,0.393388429752066
"364",364,139,0.23782746964474,-0.126336232308526,-0.0384784785784453,0.094222255307876,0.0878577537300802,0.17,605,0.158488557743481,0.393388429752066
"365",365,139,0.423585479357142,-0.0206378014309578,0.00244134702273517,0.0616773421818203,0.023079148453693,0.17,605,0.158488557743481,0.393388429752066
"366",366,139,0.0769002593320342,0.0127967132471232,0.183827942152548,0.119991141561392,0.171031228905425,0.17,605,0.158488557743481,0.393388429752066
"367",367,139,0.00308802692404805,-0.0953580776733657,0.22888611463704,0.0748682972472531,0.324244192310405,0.17,605,0.158488557743481,0.393388429752066
"368",368,139,0.904906483686369,0.108546684270229,-0.0329551886695665,0.0977361615068173,-0.141501872939795,0.17,605,0.158488557743481,0.393388429752066
"369",369,139,2.14885470665195e-05,-0.0832002919139035,0.392415452263218,0.393102414903431,0.475615744177121,0.17,605,0.158488557743481,0.393388429752066
"370",370,139,0.155207799100375,-0.0250492940256346,0.0972886136723752,0.178104654775894,0.12233790769801,0.17,605,0.158488557743481,0.393388429752066
"371",371,139,0.0634790393475515,0.0581871731024645,0.236627853909635,0.232540780432045,0.178440680807171,0.17,605,0.158488557743481,0.393388429752066
"372",372,139,0.090329543312498,0.0425101791929472,0.206805142830789,0.238738404079067,0.164294963637841,0.17,605,0.158488557743481,0.393388429752066
"373",373,139,0.000897548381300245,0.155163568740212,0.560246430399174,0.273723830982431,0.405082861658962,0.17,605,0.158488557743481,0.393388429752066
"374",374,139,3.81480911856841e-14,-0.0575445275332088,0.784546298629161,0.7985488016271,0.84209082616237,0.17,605,0.158488557743481,0.393388429752066
"375",375,139,0.259841106789871,0.0765469400808473,0.149864159211184,0.200442884135311,0.0733172191303364,0.17,605,0.158488557743481,0.393388429752066
"376",376,139,0.00119085200910944,0.0523763297183461,0.418084022818517,0.3370418239127,0.365707693100171,0.17,605,0.158488557743481,0.393388429752066
"377",377,139,0.00199913790690627,-0.192526759306576,0.155315437482309,0.193634424888477,0.347842196788885,0.17,605,0.158488557743481,0.393388429752066
"378",378,139,0.684967223890606,0.0170599930124002,-0.0406324051843458,0.0442370356273736,-0.057692398196746,0.17,605,0.158488557743481,0.393388429752066
"379",379,139,0.000119941039101267,-0.0712704406831136,0.390955703840085,0.391493067994691,0.462226144523199,0.17,605,0.158488557743481,0.393388429752066
"380",380,139,0.0528152040067362,-0.108678310929086,0.0807915920800852,0.0510328793703396,0.189469903009171,0.17,605,0.158488557743481,0.393388429752066
"381",381,139,2.23327508010585e-09,-0.0353970370639767,0.694758465593507,0.67361283318488,0.730155502657483,0.17,605,0.158488557743481,0.393388429752066
"382",382,139,5.86933046489592e-05,-0.055958568022045,0.406247419009705,0.358265810542503,0.46220598703175,0.17,605,0.158488557743481,0.393388429752066
"383",383,139,0.0208998718074262,0.0630833263734959,0.319081107945296,0.12860032646975,0.255997781571801,0.17,605,0.158488557743481,0.393388429752066
"384",384,139,0.306799477784843,0.0340178150871914,0.0967023079835167,0.0610972135211947,0.0626844928963253,0.17,605,0.158488557743481,0.393388429752066
"385",385,139,0.037693679572711,6.20942388849604e-05,0.215901730023208,0.264112385228873,0.215839635784323,0.17,605,0.158488557743481,0.393388429752066
"386",386,139,0.00831605732510272,0.0638813097731078,0.347356146145343,0.332703241033705,0.283474836372236,0.17,605,0.158488557743481,0.393388429752066
"387",387,139,0.0926715333647855,0.00923748667454869,0.167421057990411,0.268159934175418,0.158183571315862,0.17,605,0.158488557743481,0.393388429752066
"388",388,139,0.00236272318787293,-0.118630010154694,0.212904987866299,0.0830945685013292,0.331534998020993,0.17,605,0.158488557743481,0.393388429752066
"389",389,139,0.00125301413916431,-0.0296058957301326,0.354492782013604,0.3347411519836,0.384098677743736,0.17,605,0.158488557743481,0.393388429752066
"390",390,139,0.118111892000995,0.0630727657998599,0.205023814955094,0.0651434929081368,0.141951049155235,0.17,605,0.158488557743481,0.393388429752066
"391",391,139,0.00217040796630033,-0.0350893192565193,0.30486573131822,0.372234580709291,0.339955050574739,0.17,605,0.158488557743481,0.393388429752066
"392",392,139,0.00475624098433589,-0.0936084898829328,0.238800885320191,0.213504141801466,0.332409375203124,0.17,605,0.158488557743481,0.393388429752066
"393",393,139,0.0571543431699574,0.0614800508551306,0.256844793428516,0.148259055989108,0.195364742573385,0.17,605,0.158488557743481,0.393388429752066
"394",394,139,0.796242628590869,0.0421687382537186,-0.0584837716083392,0.00393259487220921,-0.100652509862058,0.17,605,0.158488557743481,0.393388429752066
"395",395,139,0.0081230578843693,0.111082653633568,0.403927235507007,0.275485806510845,0.29284458187344,0.17,605,0.158488557743481,0.393388429752066
"396",396,139,0.0187054347504829,-0.0133681625908489,0.234028362234804,0.2704357193549,0.247396524825653,0.17,605,0.158488557743481,0.393388429752066
"397",397,139,1.49115473572051e-07,-0.0671756599871739,0.574255238802452,0.57461899955946,0.641430898789626,0.17,605,0.158488557743481,0.393388429752066
"398",398,139,0.00113752372283378,-0.0421869575716254,0.306590737920469,0.33276374933941,0.348777695492095,0.17,605,0.158488557743481,0.393388429752066
"399",399,139,0.0283432255368625,0.011070902565421,0.234878137850321,0.241695865962373,0.2238072352849,0.17,605,0.158488557743481,0.393388429752066
"400",400,139,0.0576936016980009,-0.0821854188261849,0.116693698906895,0.139912800100935,0.19887911773308,0.17,605,0.158488557743481,0.393388429752066
"401",401,139,0.000489716225546379,-0.065614649668056,0.323352985810555,0.382782306002505,0.388967635478611,0.17,605,0.158488557743481,0.393388429752066
"402",402,139,0.0620836521043725,0.0899347662582839,0.268020004748469,0.108352392557114,0.178085238490185,0.17,605,0.158488557743481,0.393388429752066
"403",403,139,0.0499978568155335,0.10305282986376,0.298669019011052,0.344839270959279,0.195616189147292,0.17,605,0.158488557743481,0.393388429752066
"404",404,139,8.10962921643974e-07,-0.0582091161892984,0.543176527401418,0.413578088999456,0.601385643590716,0.17,605,0.158488557743481,0.393388429752066
"405",405,139,0.0530329936104849,-0.0282477566645342,0.165161068828099,0.195478592867982,0.193408825492633,0.17,605,0.158488557743481,0.393388429752066
"406",406,139,0.707992684010687,-0.0459090220763368,-0.108407197808087,0.044309500311416,-0.0624981757317502,0.17,605,0.158488557743481,0.393388429752066
"407",407,139,0.00886333361302185,0.0135315925889664,0.294377279800135,0.343072947228199,0.280845687211169,0.17,605,0.158488557743481,0.393388429752066
"408",408,139,0.214995875943805,-0.010453027440132,0.0830208364090868,0.11399827697623,0.0934738638492188,0.17,605,0.158488557743481,0.393388429752066
"409",409,139,0.00657193403041218,0.0546291722987041,0.343942979793375,0.268629162452944,0.289313807494671,0.17,605,0.158488557743481,0.393388429752066
"410",410,139,0.165536287198674,-0.0526790203519139,0.073045042124834,0.0885692139095195,0.125724062476748,0.17,605,0.158488557743481,0.393388429752066
"411",411,139,0.0496703042409975,0.0261769915023089,0.223341097586802,0.262400634144963,0.197164106084493,0.17,605,0.158488557743481,0.393388429752066
"412",412,139,3.32298794539289e-10,-0.111930111210145,0.669795826323921,0.497307650277939,0.781725937534065,0.17,605,0.158488557743481,0.393388429752066
"413",413,139,1.63844710254852e-07,-0.0729300813343705,0.543562521923188,0.459768328494478,0.616492603257558,0.17,605,0.158488557743481,0.393388429752066
"414",414,139,0.00478105183618356,-0.0463777170449956,0.25490024702359,0.236347822468929,0.301277964068586,0.17,605,0.158488557743481,0.393388429752066
"415",415,139,0.00274702645171334,-0.0225820901209931,0.315605056687635,0.28680019630406,0.338187146808628,0.17,605,0.158488557743481,0.393388429752066
"416",416,139,0.048555541524935,0.03527714744585,0.242608390503261,0.110330744205992,0.207331243057411,0.17,605,0.158488557743481,0.393388429752066
"417",417,139,0.203637165968728,-0.0451614125622558,0.0573813928629474,0.108379900381187,0.102542805425203,0.17,605,0.158488557743481,0.393388429752066
"418",418,139,3.96767785595632e-05,-0.112911068513932,0.388576559146535,0.410798122686345,0.501487627660467,0.17,605,0.158488557743481,0.393388429752066
"419",419,139,0.000209668834670783,-0.0582771741321629,0.352947484788389,0.252476828343869,0.411224658920552,0.17,605,0.158488557743481,0.393388429752066
"420",420,139,0.0132408707848581,0.00805451940434128,0.288100293763099,0.365324228615089,0.280045774358758,0.17,605,0.158488557743481,0.393388429752066
"421",421,139,0.000122559570607209,-0.020582855425597,0.403885031986559,0.343653971087875,0.424467887412156,0.17,605,0.158488557743481,0.393388429752066
"422",422,139,0.000351861759569349,0.0961484086100239,0.522456088013403,0.416176556185754,0.426307679403379,0.17,605,0.158488557743481,0.393388429752066
"423",423,139,2.89284521508725e-10,-0.215297485931704,0.522199875883012,0.527435299753884,0.737497361814716,0.17,605,0.158488557743481,0.393388429752066
"424",424,139,0.0131051037107134,-0.0333783790998984,0.234881826192997,0.238592729781945,0.268260205292895,0.17,605,0.158488557743481,0.393388429752066
"425",425,139,0.0523749376106485,-0.00128791932771675,0.187929288577151,0.163705354483069,0.189217207904868,0.17,605,0.158488557743481,0.393388429752066
"426",426,139,0.171184855558774,-0.00683056909668554,0.106377644033398,0.142056535142485,0.113208213130083,0.17,605,0.158488557743481,0.393388429752066
"427",427,139,0.0116771561922775,0.00857077982474272,0.26221631081083,0.420949513921642,0.253645530986087,0.17,605,0.158488557743481,0.393388429752066
"428",428,139,0.00190720308700263,0.0251856298702106,0.383111862280303,0.476888087360707,0.357926232410093,0.17,605,0.158488557743481,0.393388429752066
"429",429,139,0.510497343261065,0.0775765203397508,0.0746777727219358,0.184847128465853,-0.00289874761781508,0.17,605,0.158488557743481,0.393388429752066
"430",430,139,0.285393685240042,-0.0550087827947669,0.0102581668895993,0.117467185359294,0.0652669496843662,0.17,605,0.158488557743481,0.393388429752066
"431",431,139,0.254475238266092,-0.0435670406455773,0.0333623192917621,0.0445935495657062,0.0769293599373393,0.17,605,0.158488557743481,0.393388429752066
"432",432,139,0.0950980873727308,-0.0415964152749068,0.107516094563502,0.073496192233399,0.149112509838409,0.17,605,0.158488557743481,0.393388429752066
"433",433,139,0.106868531396701,0.0832435532764617,0.235552407444267,0.187329860038283,0.152308854167805,0.17,605,0.158488557743481,0.393388429752066
"434",434,139,5.49495535783364e-10,-0.156836697529163,0.553753944556961,0.585745791570742,0.710590642086124,0.17,605,0.158488557743481,0.393388429752066
"435",435,139,0.225218238264919,0.0489268581163947,0.142544333389563,0.00682544332730212,0.0936174752731682,0.17,605,0.158488557743481,0.393388429752066
"436",436,139,0.127941819386807,-0.0388245753480479,0.102025888549792,0.152177915557039,0.14085046389784,0.17,605,0.158488557743481,0.393388429752066
"437",437,139,0.0263776944759693,-0.0801021114313015,0.146988391093371,0.203290080707713,0.227090502524672,0.17,605,0.158488557743481,0.393388429752066
"438",438,139,0.000362193230040116,-0.0809064007095189,0.321063501950599,0.275186891625255,0.401969902660118,0.17,605,0.158488557743481,0.393388429752066
"439",439,139,0.0408253181423607,-0.065710123703658,0.13227506820746,0.24776590760834,0.197985191911118,0.17,605,0.158488557743481,0.393388429752066
"440",440,139,0.089976805153803,0.151701455546335,0.316592427095339,0.421992381722415,0.164890971549004,0.17,605,0.158488557743481,0.393388429752066
"441",441,139,0.0602389480945031,-0.0311086012892031,0.166428780315498,0.100491238903933,0.197537381604701,0.17,605,0.158488557743481,0.393388429752066
"442",442,139,0.647400185865711,-0.0224060430543366,-0.0651325293089489,0.0162589840794891,-0.0427264862546123,0.17,605,0.158488557743481,0.393388429752066
"443",443,139,0.000531000044674831,0.0919738692906165,0.533225005703497,0.391226197971679,0.44125113641288,0.17,605,0.158488557743481,0.393388429752066
"444",444,139,0.0362927634797344,-0.0432196944622262,0.191149542629214,0.200918067255823,0.23436923709144,0.17,605,0.158488557743481,0.393388429752066
"445",445,139,0.000208530528745044,0.0138699022973141,0.446910647492653,0.410781083825523,0.433040745195339,0.17,605,0.158488557743481,0.393388429752066
"446",446,139,0.0104376291302361,-0.0332318207077109,0.222641396770779,0.228087714512344,0.25587321747849,0.17,605,0.158488557743481,0.393388429752066
"447",447,139,0.0147072558785268,-0.00931151843599083,0.251080678616416,0.175605111813586,0.260392197052407,0.17,605,0.158488557743481,0.393388429752066
"448",448,139,0.00133356293599454,-0.0353884291769461,0.309336243422942,0.338768205014374,0.344724672599888,0.17,605,0.158488557743481,0.393388429752066
"449",449,139,0.000523805267211502,0.132882807402617,0.490212910246247,0.476311855353157,0.35733010284363,0.17,605,0.158488557743481,0.393388429752066
"450",450,139,0.627485068238107,0.0991977140146251,0.0627969525317574,0.175426151037551,-0.0364007614828677,0.17,605,0.158488557743481,0.393388429752066
"451",451,139,0.729889003988509,0.00440884664196863,-0.0767906050505966,0.104881901250792,-0.0811994516925652,0.17,605,0.158488557743481,0.393388429752066
"452",452,139,0.0169563311940484,-0.191222746442441,0.0857122186466314,0.0890321341851804,0.276934965089072,0.17,605,0.158488557743481,0.393388429752066
"453",453,139,0.0760087341923095,0.0415940623575725,0.199997553685258,0.188944318493185,0.158403491327686,0.17,605,0.158488557743481,0.393388429752066
"454",454,139,0.0112367478998398,-0.100599427647677,0.151780866319392,0.0248113993562119,0.252380293967068,0.17,605,0.158488557743481,0.393388429752066
"455",455,139,0.00997564581649096,0.00209760374736439,0.28148137401668,0.376814964649779,0.279383770269315,0.17,605,0.158488557743481,0.393388429752066
"456",456,139,0.000760075696649878,-0.0833165343124699,0.28738632239884,0.273672020762169,0.37070285671131,0.17,605,0.158488557743481,0.393388429752066
"457",457,139,0.00327881976269431,-0.00066397175281646,0.35467098155181,0.439938817902025,0.355334953304627,0.17,605,0.158488557743481,0.393388429752066
"458",458,139,3.86795519560197e-08,-0.118244919279558,0.523340957480757,0.656898596559517,0.641585876760315,0.17,605,0.158488557743481,0.393388429752066
"459",459,139,4.97961966449903e-09,-0.105504204798047,0.556215420797143,0.495538323228477,0.66171962559519,0.17,605,0.158488557743481,0.393388429752066
"460",460,139,1.57136109286504e-12,-0.0171230762321612,0.876554337025491,0.730549361531163,0.893677413257653,0.17,605,0.158488557743481,0.393388429752066
"461",461,139,0.000169428474201434,-0.0889136099038962,0.337650728318576,0.363697038771679,0.426564338222472,0.17,605,0.158488557743481,0.393388429752066
"462",462,139,0.00708788005115208,-0.0154825874660463,0.278504161110233,0.277066221022369,0.293986748576279,0.17,605,0.158488557743481,0.393388429752066
"463",463,139,0.431581942039598,-0.0420942687236215,-0.0217437741053769,0.128488462100534,0.0203504946182446,0.17,605,0.158488557743481,0.393388429752066
"464",464,139,0.00752723709729297,0.0169857322232401,0.302580470137264,0.271132894733471,0.285594737914024,0.17,605,0.158488557743481,0.393388429752066
"465",465,139,0.00381428426423298,0.0608632397398104,0.384416247710849,0.387686260622149,0.323553007971038,0.17,605,0.158488557743481,0.393388429752066
"466",466,139,0.952282314971333,0.0513564139210456,-0.128597417552861,0.00404529615648687,-0.179953831473907,0.17,605,0.158488557743481,0.393388429752066
"467",467,139,0.498612291536666,-0.0109126593185491,-0.0104882018575932,0.263067293644748,0.00042445746095581,0.17,605,0.158488557743481,0.393388429752066
"468",468,139,0.0905853612353708,-0.00214375667913031,0.16929808554325,0.13251905205766,0.17144184222238,0.17,605,0.158488557743481,0.393388429752066
"469",469,139,0.73431530660237,0.100058064522616,0.0211277390447237,0.0909616920605551,-0.0789303254778925,0.17,605,0.158488557743481,0.393388429752066
"470",470,139,0.00789048266233406,-0.11501642872324,0.174202061539008,0.093186781177708,0.289218490262248,0.17,605,0.158488557743481,0.393388429752066
"471",471,139,0.334281708341604,0.0313275726860836,0.0833311822385945,0.258585714270021,0.0520036095525109,0.17,605,0.158488557743481,0.393388429752066
"472",472,139,0.571864254562092,0.0289093775344587,0.00733645149066051,0.03291303770004,-0.0215729260437982,0.17,605,0.158488557743481,0.393388429752066
"473",473,139,0.144135571317083,-0.0283787988228524,0.0991410371158725,0.0599916109912143,0.127519835938725,0.17,605,0.158488557743481,0.393388429752066
"474",474,139,1.60266589161526e-08,-0.0987912795584506,0.571657430062647,0.556308032696922,0.670448709621098,0.17,605,0.158488557743481,0.393388429752066
"475",475,139,0.198744163758209,0.0927751814532811,0.186800962267964,0.239598151425849,0.0940257808146833,0.17,605,0.158488557743481,0.393388429752066
"476",476,139,0.00320458820053364,-0.00748422320785624,0.333489466763809,0.348855383894376,0.340973689971665,0.17,605,0.158488557743481,0.393388429752066
"477",477,139,0.0300978616097478,-0.0255160558939291,0.205911901011844,0.103717917636773,0.231427956905773,0.17,605,0.158488557743481,0.393388429752066
"478",478,139,0.459888230743095,0.102818319187962,0.115263012518145,0.198269168391011,0.0124446933301831,0.17,605,0.158488557743481,0.393388429752066
"479",479,139,0.0186823095835416,-0.019600144782775,0.226780398073508,0.0946773277863878,0.246380542856283,0.17,605,0.158488557743481,0.393388429752066
"480",480,139,0.0011821914889862,-0.0292011925420364,0.340042936683673,0.259435812214489,0.369244129225709,0.17,605,0.158488557743481,0.393388429752066
"481",481,139,0.00414599996992229,-0.0206145971142904,0.287811839675043,0.27477041077923,0.308426436789334,0.17,605,0.158488557743481,0.393388429752066
"482",482,139,0.0142525060128191,-0.168718905874369,0.097761844655231,0.195287410880322,0.2664807505296,0.17,605,0.158488557743481,0.393388429752066
"483",483,139,0.0221109677945334,0.137292709337401,0.385714364125951,0.454391450694766,0.24842165478855,0.17,605,0.158488557743481,0.393388429752066
"484",484,139,0.00832148042859658,0.0696233410556526,0.37322863365752,0.386850321664915,0.303605292601867,0.17,605,0.158488557743481,0.393388429752066
"485",485,139,0.174400653791198,-0.00834291978502319,0.101229454270269,0.137067739035409,0.109572374055292,0.17,605,0.158488557743481,0.393388429752066
"486",486,139,0.041747561873745,0.0204882392496573,0.226599189722789,0.286756870917583,0.206110950473132,0.17,605,0.158488557743481,0.393388429752066
"487",487,139,0.000320489693753079,0.0279468967168184,0.426273833608401,0.437921411372315,0.398326936891582,0.17,605,0.158488557743481,0.393388429752066
"488",488,139,0.250160467066642,0.139690238176846,0.22305422295496,0.249781897475578,0.0833639847781138,0.17,605,0.158488557743481,0.393388429752066
"489",489,139,1.99349296279626e-06,9.60816077125356e-05,0.581262724929596,0.621907381829073,0.581166643321884,0.17,605,0.158488557743481,0.393388429752066
"490",490,139,0.5340910204318,-0.110543608394684,-0.120496656414878,0.0658091778811235,-0.00995304802019441,0.17,605,0.158488557743481,0.393388429752066
"491",491,139,0.0615838606613388,0.112026199106863,0.319757779541662,0.316353063891407,0.2077315804348,0.17,605,0.158488557743481,0.393388429752066
"492",492,139,0.00374015429548178,0.0525347540924065,0.339098889570968,0.254434093395047,0.286564135478562,0.17,605,0.158488557743481,0.393388429752066
"493",493,139,2.34869371355759e-05,0.0569005478724993,0.558622915531283,0.517879593196708,0.501722367658784,0.17,605,0.158488557743481,0.393388429752066
"494",494,139,0.0184281033272691,-0.0263089819259685,0.223085733298127,0.0820269263503226,0.249394715224096,0.17,605,0.158488557743481,0.393388429752066
"495",495,139,0.114520196901795,-0.0393674037316533,0.11891393681495,0.168965421439298,0.158281340546603,0.17,605,0.158488557743481,0.393388429752066
"496",496,139,0.0668467964784306,-0.0145718656908094,0.173226325335599,0.167196869935674,0.187798191026409,0.17,605,0.158488557743481,0.393388429752066
"497",497,139,0.290591937302002,0.155524778219857,0.21769297384639,0.18897278065358,0.0621681956265329,0.17,605,0.158488557743481,0.393388429752066
"498",498,139,0.135083773694251,0.183969050475451,0.31920649559469,0.389956211187154,0.135237445119239,0.17,605,0.158488557743481,0.393388429752066
"499",499,139,0.949930167762837,0.136297916166881,-0.0571519714654519,0.0222772301028899,-0.193449887632333,0.17,605,0.158488557743481,0.393388429752066
"500",500,139,0.254415314633739,0.136008163515366,0.210514301987687,0.108327338041102,0.0745061384723209,0.17,605,0.158488557743481,0.393388429752066
"501",501,139,0.0599188063691,-0.143614131083337,0.0557539338138885,0.11923702895038,0.199368064897225,0.17,605,0.158488557743481,0.393388429752066
"502",502,139,0.229536542224588,0.0097938950818612,0.0961476509591948,0.0490037476042521,0.0863537558773337,0.17,605,0.158488557743481,0.393388429752066
"503",503,139,1.10737552846081e-07,0.0946466199613076,0.759257278587581,0.670420145484707,0.664610658626273,0.17,605,0.158488557743481,0.393388429752066
"504",504,139,0.11543839468698,0.0652163011792484,0.19701132549024,0.164746601052508,0.131795024310992,0.17,605,0.158488557743481,0.393388429752066
"505",505,139,0.662649906112065,0.0148876217956592,-0.0388263469909212,0.0211086343619328,-0.0537139687865804,0.17,605,0.158488557743481,0.393388429752066
"506",506,139,0.000914418048202255,-0.153936822844268,0.238607060819729,0.256656939182017,0.392543883663996,0.17,605,0.158488557743481,0.393388429752066
"507",507,139,0.116121232498623,-0.0615155136694074,0.0861654530547205,0.0817071289469772,0.147680966724128,0.17,605,0.158488557743481,0.393388429752066
"508",508,139,0.133620384108476,0.0561800908578469,0.19513246506737,0.214848220805155,0.138952374209523,0.17,605,0.158488557743481,0.393388429752066
"509",509,139,0.0278129123836384,0.0226794752132335,0.260652663749592,0.179264402227357,0.237973188536358,0.17,605,0.158488557743481,0.393388429752066
"510",510,139,0.00848422659713933,-0.00749577609468445,0.26107968683566,0.385522809036926,0.268575462930345,0.17,605,0.158488557743481,0.393388429752066
"511",511,139,0.0301082407818961,-0.0856008637189311,0.136070442693844,0.167070939503637,0.221671306412775,0.17,605,0.158488557743481,0.393388429752066
"512",512,139,0.292492861680462,0.062781238345726,0.131829455074459,0.273840266766741,0.0690482167287329,0.17,605,0.158488557743481,0.393388429752066
"513",513,139,1.22860613661652e-07,-0.0578210458513566,0.587773216295283,0.514464053674883,0.645594262146639,0.17,605,0.158488557743481,0.393388429752066
"514",514,139,1.2143775030621e-06,-0.0427932073973913,0.510174836276882,0.465738119181619,0.552968043674274,0.17,605,0.158488557743481,0.393388429752066
"515",515,139,0.00807862049465937,-0.216909449463632,0.0820209094734356,0.158647931505445,0.298930358937067,0.17,605,0.158488557743481,0.393388429752066
"516",516,139,0.0322091969284023,0.0697304901127541,0.298588751307479,0.227780517280265,0.228858261194725,0.17,605,0.158488557743481,0.393388429752066
"517",517,139,0.0142109717397647,0.038328932892928,0.282328061682206,0.399363847790253,0.243999128789278,0.17,605,0.158488557743481,0.393388429752066
"518",518,139,0.00159092741530659,-0.0806602775390364,0.286134407300677,0.175385380846977,0.366794684839713,0.17,605,0.158488557743481,0.393388429752066
"519",519,139,1.97234304781836e-07,-0.00755132627130366,0.587086115317152,0.516093115523183,0.594637441588455,0.17,605,0.158488557743481,0.393388429752066
"520",520,139,0.000118766536691814,-0.015904241909893,0.410528026742428,0.405592077034364,0.426432268652321,0.17,605,0.158488557743481,0.393388429752066
"521",521,139,2.19630014945828e-10,-0.00841030165630119,0.792736584419452,0.663663515878302,0.801146886075753,0.17,605,0.158488557743481,0.393388429752066
"522",522,139,6.48845364031302e-08,-0.11888025577916,0.561673818401146,0.459825842926137,0.680554074180307,0.17,605,0.158488557743481,0.393388429752066
"523",523,139,6.75472534626433e-05,-0.0446153712605572,0.438144812824038,0.445760310706165,0.482760184084595,0.17,605,0.158488557743481,0.393388429752066
"524",524,139,0.403358502712062,0.0787002437081228,0.106937022614249,0.176156964470748,0.0282367789061263,0.17,605,0.158488557743481,0.393388429752066
"525",525,139,0.134478433101677,0.00832219719583823,0.137097548891622,0.237338653213624,0.128775351695784,0.17,605,0.158488557743481,0.393388429752066
"526",526,139,3.07669000245067e-05,-0.0291846587861945,0.446367902293905,0.405272626050429,0.4755525610801,0.17,605,0.158488557743481,0.393388429752066
"527",527,139,9.02500968205457e-07,-0.0123604090200298,0.620514087767074,0.554349502892206,0.632874496787104,0.17,605,0.158488557743481,0.393388429752066
"528",528,139,2.93883915540899e-05,-0.0772902089265583,0.402714357475573,0.412224717456674,0.480004566402131,0.17,605,0.158488557743481,0.393388429752066
"529",529,139,0.123374699243792,0.0129944678876244,0.150690485560554,0.115712344358201,0.137696017672929,0.17,605,0.158488557743481,0.393388429752066
"530",530,139,0.000117687242618741,0.0122068820546559,0.446151153408191,0.306771468316259,0.433944271353535,0.17,605,0.158488557743481,0.393388429752066
"531",531,139,0.0351112539391511,-0.0290199520495564,0.186678705204799,0.16395056651212,0.215698657254356,0.17,605,0.158488557743481,0.393388429752066
"532",532,139,0.00218511877901606,-0.0370226516170772,0.302299030000958,0.324707005891237,0.339321681618035,0.17,605,0.158488557743481,0.393388429752066
"533",533,139,0.0716317861001824,0.129490687591878,0.29983778625897,0.261790311693751,0.170347098667091,0.17,605,0.158488557743481,0.393388429752066
"534",534,139,0.0012653599020882,0.000840677992508335,0.397031296207457,0.4545082369611,0.396190618214949,0.17,605,0.158488557743481,0.393388429752066
"535",535,139,0.424715282565191,-0.0526103215169206,-0.0286028145579348,0.0317974070739207,0.0240075069589858,0.17,605,0.158488557743481,0.393388429752066
"536",536,139,1.75475909040584e-05,-0.161692018996992,0.358596786987964,0.34638689090986,0.520288805984956,0.17,605,0.158488557743481,0.393388429752066
"537",537,139,0.00148581146236362,0.0188154915434545,0.377180197870714,0.218807348673647,0.35836470632726,0.17,605,0.158488557743481,0.393388429752066
"538",538,139,0.000783753793592428,-0.151830277344869,0.248752748076933,0.1297272448172,0.400583025421802,0.17,605,0.158488557743481,0.393388429752066
"539",539,139,3.68743419095436e-05,0.0551136206770257,0.564098413286599,0.454216580903612,0.508984792609574,0.17,605,0.158488557743481,0.393388429752066
"540",540,139,8.49319953837981e-05,0.000709817212592304,0.499618814933825,0.562326816240248,0.498908997721233,0.17,605,0.158488557743481,0.393388429752066
"541",541,139,0.00541532851608031,-0.00347101671627726,0.30912434345226,0.234708997095284,0.312595360168537,0.17,605,0.158488557743481,0.393388429752066
"542",542,139,0.0744389880810441,-0.00182984391060564,0.165433712946292,0.0328346253815069,0.167263556856897,0.17,605,0.158488557743481,0.393388429752066
"543",543,139,0.194610275262304,-0.0197342206584147,0.0881435684795199,0.17975104279013,0.107877789137935,0.17,605,0.158488557743481,0.393388429752066
"544",544,139,0.138435594869838,-0.00616149833129893,0.131433203264978,0.218845780791773,0.137594701596277,0.17,605,0.158488557743481,0.393388429752066
"545",545,139,0.0358704570654991,0.0479715705135847,0.272537075130575,0.342742523787031,0.22456550461699,0.17,605,0.158488557743481,0.393388429752066
"546",546,139,0.000712292544729687,-0.00996839198494774,0.386257956459148,0.539644316417086,0.396226348444096,0.17,605,0.158488557743481,0.393388429752066
"547",547,139,0.00184489868168397,0.061295840927528,0.404620148382316,0.140855864687491,0.343324307454788,0.17,605,0.158488557743481,0.393388429752066
"548",548,139,0.000222702101650113,-0.168881873572292,0.255243121711969,0.373184117613413,0.424124995284262,0.17,605,0.158488557743481,0.393388429752066
"549",549,139,0.0673797375509055,-0.0256351739599016,0.150009332853787,0.185946507114707,0.175644506813689,0.17,605,0.158488557743481,0.393388429752066
"550",550,139,0.000262762459762652,-0.0552213230870117,0.368070952118211,0.352861901354129,0.423292275205223,0.17,605,0.158488557743481,0.393388429752066
"551",551,139,0.540611644814844,-0.0446255298834458,-0.0569622983906045,0.0419787722296418,-0.0123367685071588,0.17,605,0.158488557743481,0.393388429752066
"552",552,139,0.0345534342611558,0.142917130540563,0.354775202703033,0.366047940837937,0.211858072162469,0.17,605,0.158488557743481,0.393388429752066
"553",553,139,0.316524631890157,-0.0454835378993763,0.0112401588465067,0.177501418780415,0.056723696745883,0.17,605,0.158488557743481,0.393388429752066
"554",554,139,0.161627316644852,0.0519662551788932,0.1678379837659,0.210642715809382,0.115871728587007,0.17,605,0.158488557743481,0.393388429752066
"555",555,139,0.000200025716274832,-0.0811215572066082,0.361438712673739,0.274008627256669,0.442560269880347,0.17,605,0.158488557743481,0.393388429752066
"556",556,139,7.12946212582455e-10,-0.0308533224306724,0.713259215298962,0.666299074859452,0.744112537729634,0.17,605,0.158488557743481,0.393388429752066
"557",557,139,0.823380912890485,0.13273188840379,0.0267629730776181,0.0631632364433455,-0.105968915326172,0.17,605,0.158488557743481,0.393388429752066
"558",558,139,0.824643142113308,-0.0212640718915847,-0.120219317746542,0.0163952447352507,-0.098955245854957,0.17,605,0.158488557743481,0.393388429752066
"559",559,139,0.000264476858792528,-0.104979155757477,0.287979333859639,0.221203328883816,0.392958489617116,0.17,605,0.158488557743481,0.393388429752066
"560",560,139,0.0470586988718576,0.0322455334589574,0.226953942875653,0.240345128224391,0.194708409416695,0.17,605,0.158488557743481,0.393388429752066
"561",561,139,0.433807337398069,-0.0194922647975135,0.000937304016530335,0.0386026942948775,0.0204295688140438,0.17,605,0.158488557743481,0.393388429752066
"562",562,139,9.96711814554712e-05,-0.044273564944195,0.41496501795065,0.385548246901637,0.459238582894845,0.17,605,0.158488557743481,0.393388429752066
"563",563,139,0.0500327577055471,-0.106347825227855,0.0979009391384822,0.0393640657134892,0.204248764366337,0.17,605,0.158488557743481,0.393388429752066
"564",564,139,0.395827177460048,-0.03490670096562,-0.00503646045452955,0.0288313990798053,0.0298702405110904,0.17,605,0.158488557743481,0.393388429752066
"565",565,139,2.77414035629045e-06,-0.062014794601562,0.48397332696108,0.345521597871677,0.545988121562642,0.17,605,0.158488557743481,0.393388429752066
"566",566,139,0.00430712649996787,-0.111374467682372,0.20824689578129,0.300881646432209,0.319621363463662,0.17,605,0.158488557743481,0.393388429752066
"567",567,139,0.00670530390327216,-0.0425211921407886,0.251515938517799,0.280935931550284,0.294037130658588,0.17,605,0.158488557743481,0.393388429752066
"568",568,139,8.64380402263396e-05,0.0731843098538814,0.524523957270998,0.523859864628585,0.451339647417116,0.17,605,0.158488557743481,0.393388429752066
"569",569,139,0.0798819902107283,-0.121106891151626,0.0516079208968357,0.0877630732151574,0.172714812048462,0.17,605,0.158488557743481,0.393388429752066
"570",570,139,8.84446449026302e-08,-0.0609760552281088,0.543331900492898,0.393717837067061,0.604307955721006,0.17,605,0.158488557743481,0.393388429752066
"571",571,139,0.0700265065223969,-0.0411699364778867,0.145200565300616,0.158668991475388,0.186370501778503,0.17,605,0.158488557743481,0.393388429752066
"572",572,139,0.65016022593306,0.0753461313990825,0.0284454229582104,0.0602855167283102,-0.0469007084408722,0.17,605,0.158488557743481,0.393388429752066
"573",573,139,1.99918415475537e-05,0.0893750868882862,0.598232344525762,0.532929035729082,0.508857257637476,0.17,605,0.158488557743481,0.393388429752066
"574",574,139,1.85302612139557e-05,-0.010247563342888,0.479450428620671,0.368958197396685,0.489697991963559,0.17,605,0.158488557743481,0.393388429752066
"575",575,139,0.0121481262356987,0.112381601288691,0.37704273112577,0.19313214901615,0.264661129837079,0.17,605,0.158488557743481,0.393388429752066
"576",576,139,2.74717323376889e-06,-0.238061647971976,0.316429965248447,0.285691074692738,0.554491613220422,0.17,605,0.158488557743481,0.393388429752066
"577",577,139,7.59174212423469e-05,0.0280115653796276,0.492843768900347,0.37154604968244,0.46483220352072,0.17,605,0.158488557743481,0.393388429752066
"578",578,139,0.171858928214911,0.119390307860896,0.231569841938037,0.0806612037127764,0.112179534077141,0.17,605,0.158488557743481,0.393388429752066
"579",579,139,0.0524209560779889,-0.0191141343239473,0.172012761065478,0.128916255817578,0.191126895389426,0.17,605,0.158488557743481,0.393388429752066
"580",580,139,0.791159833448202,0.111448801288785,0.0183793247042857,0.0672682185539719,-0.0930694765844991,0.17,605,0.158488557743481,0.393388429752066
"581",581,139,6.11261298227231e-08,-0.0627190416082707,0.563294527440301,0.564734482272628,0.626013569048571,0.17,605,0.158488557743481,0.393388429752066
"582",582,139,0.0343372270381543,-0.0256733364662422,0.188400172438522,0.176273714557286,0.214073508904765,0.17,605,0.158488557743481,0.393388429752066
"583",583,139,0.489017335560403,0.0627725911925237,0.0660971704339555,0.101596918755724,0.00332457924143187,0.17,605,0.158488557743481,0.393388429752066
"584",584,139,0.0797811741750241,0.168063214113284,0.350049016756419,0.262071796589898,0.181985802643135,0.17,605,0.158488557743481,0.393388429752066
"585",585,139,0.0049603953821613,0.0397007823575242,0.345655430008332,0.245528815657864,0.305954647650808,0.17,605,0.158488557743481,0.393388429752066
"586",586,139,2.02659299330894e-05,0.00703656242261473,0.483427269510441,0.352878758779567,0.476390707087826,0.17,605,0.158488557743481,0.393388429752066
"587",587,139,0.0243867921376602,0.00471091009759332,0.251842308141241,0.354268541584645,0.247131398043647,0.17,605,0.158488557743481,0.393388429752066
"588",588,139,0.236995427597311,0.064673776366665,0.152950689766385,0.00885512136185864,0.08827691339972,0.17,605,0.158488557743481,0.393388429752066
"589",589,139,0.05620069591972,0.0181965125934739,0.210511206648191,0.200798631221198,0.192314694054717,0.17,605,0.158488557743481,0.393388429752066
"590",590,139,0.571686679993084,-0.00601918440654153,-0.0281681440953006,0.0207647555690262,-0.0221489596887591,0.17,605,0.158488557743481,0.393388429752066
"591",591,139,0.0370379974653794,-0.0753025930779839,0.143145141661697,0.181310827356484,0.218447734739681,0.17,605,0.158488557743481,0.393388429752066
"592",592,139,0.000113105264212287,0.129983738851712,0.580050938018495,0.525044594027131,0.450067199166784,0.17,605,0.158488557743481,0.393388429752066
"593",593,139,0.107597775818417,-0.0169983324769846,0.134834065719991,0.196333995288691,0.151832398196976,0.17,605,0.158488557743481,0.393388429752066
"594",594,139,0.424656728901205,0.0717680962933064,0.0932912604629968,0.117375021785034,0.0215231641696904,0.17,605,0.158488557743481,0.393388429752066
"595",595,139,2.69787470641734e-06,0.147030568710823,0.720728243076455,0.631168545279624,0.573697674365632,0.17,605,0.158488557743481,0.393388429752066
"596",596,139,1.42476352202944e-06,-0.246084026441305,0.34826438235332,0.258784259080618,0.594348408794625,0.17,605,0.158488557743481,0.393388429752066
"597",597,139,0.58226613504418,0.0308776720296416,0.00661492388563194,0.0419521462607372,-0.0242627481440097,0.17,605,0.158488557743481,0.393388429752066
"598",598,139,0.320466818402291,0.0852518225818372,0.13893046137728,0.0650173429253731,0.0536786387954432,0.17,605,0.158488557743481,0.393388429752066
"599",599,139,0.870960699208146,0.206390902011974,0.0660319470896338,0.152970275547353,-0.14035895492234,0.17,605,0.158488557743481,0.393388429752066
"600",600,139,0.373740809281206,0.071863689970235,0.107841163839377,0.0934374687320793,0.0359774738691423,0.17,605,0.158488557743481,0.393388429752066
"601",601,139,0.0596439586276293,0.10629983090737,0.294541303891379,0.183766613490004,0.188241472984009,0.17,605,0.158488557743481,0.393388429752066
"602",602,139,0.127272328063833,-0.177876845405832,-0.0372957598311067,0.10516371998651,0.140581085574725,0.17,605,0.158488557743481,0.393388429752066
"603",603,139,0.511024280376798,0.000504940925148656,-0.00270519085243001,0.0710875611075055,-0.00321013177757867,0.17,605,0.158488557743481,0.393388429752066
"604",604,139,0.000509329920304397,-0.104345749272896,0.312084942544615,0.454879403666888,0.416430691817511,0.17,605,0.158488557743481,0.393388429752066
"605",605,139,0.0432333052559181,-0.177804085090852,0.0215616454795323,0.113133625617327,0.199365730570384,0.17,605,0.158488557743481,0.393388429752066
