"","rep_no","totalN","p_value","mean_control","mean_treatment","ES_true","d_emp"
"1",1,176,0.0172070346027239,-0.0718433720319176,0.183735038378679,0.175045361059659,0.255578410410596
"2",2,176,5.26870667356204e-05,-0.141873289747093,0.270317956055536,0.256498460342394,0.412191245802629
"3",3,176,0.437440779048247,-0.0439109586555375,0.0390820474800346,0.00301615757127348,0.0829930061355721
"4",4,176,1.07045488186958e-06,-0.0627619781368344,0.470124420551688,0.52104908271965,0.532886398688522
"5",5,176,0.000154321869417633,0.0206678795891373,0.419552031768546,0.432539650373037,0.398884152179409
"6",6,176,7.40287297992029e-10,-0.0660281802005104,0.621543495892733,0.649717066905237,0.687571676093244
"7",7,176,0.527196583465136,-0.00939380572856539,0.0571355845273013,0.15975838284431,0.0665293902558667
"8",8,176,1.50945139638003e-07,-0.109937663129367,0.470264474854652,0.454907734014409,0.580202137984019
"9",9,176,0.179575862692609,-0.0518956028848912,0.0991492457625164,0.146044627151352,0.151044848647408
"10",10,176,1.23366798883618e-11,-0.141751549356436,0.584121276598455,0.514374238804887,0.725872825954891
"11",11,176,8.29620949293015e-05,-0.0698677691692103,0.360684411065126,0.392177569499775,0.430552180234336
"12",12,176,8.99976257641594e-05,-0.0473151364924308,0.37912741355529,0.410006806279277,0.426442550047721
"13",13,176,0.138078164935619,0.0258317463770738,0.184221254047649,0.167752332223264,0.158389507670575
"14",14,176,2.48062279339991e-07,-0.17516135892089,0.364290946605617,0.341369476847914,0.539452305526507
"15",15,176,7.12606683394291e-05,-0.0843786941877097,0.38426790025689,0.433293166788636,0.468646594444599
"16",16,176,0.659703515847669,0.0024590763557298,0.0489450567198116,0.0802225609429539,0.0464859803640818
"17",17,176,0.00123580031318292,-0.0679818279764859,0.274413232244868,0.292281574126627,0.342395060221354
"18",18,176,0.629408502937927,-0.0100516975057394,0.0384760817601105,0.0711613305303239,0.0485277792658498
"19",19,176,0.633189157759801,-0.158707003472777,-0.104342044552452,0.0506388157939155,0.0543649589203247
"20",20,176,0.00497877525638806,-0.0236609078807429,0.298342104978309,0.21037726791321,0.322003012859052
"21",21,176,3.36161605401245e-05,0.204706013938868,0.659683506466399,0.689308552772464,0.454977492527531
"22",22,176,0.507456592881343,0.0235338130773909,0.0925412132936293,0.0680282350876861,0.0690074002162384
"23",23,176,0.00595525958314544,0.00490746213874399,0.300869372631106,0.208272802479261,0.295961910492362
"24",24,176,0.672049431419121,0.0165032729744505,0.0624999486147514,0.0238125951920847,0.0459966756403008
"25",25,176,4.13696294294111e-06,0.0123516170524626,0.517106281976436,0.494171292652689,0.504754664923973
"26",26,176,0.247379146317666,0.0820324877780126,-0.0393846505773444,0.0686032847303241,-0.121417138355357
"27",27,176,0.673272407105337,0.0152421713567065,-0.0286485404235096,0.0425167030317047,-0.0438907117802161
"28",28,176,0.0514356493255564,0.0283594221842147,0.23989205666378,0.353310548404718,0.211532634479565
"29",29,176,0.543141195281981,-0.0174228371688192,0.0470309998808439,0.140215363397039,0.0644538370496631
"30",30,176,0.0996433081753115,-0.0314391801143168,0.141456874161829,0.138063396916119,0.172896054276145
"31",31,176,2.50770118024282e-06,-0.00312231594499135,0.515496207191819,0.548095748177047,0.518618523136811
"32",32,176,2.84615687756669e-05,-0.0204708202926192,0.448051292582034,0.523345209486342,0.468522112874653
"33",33,176,0.00635144421718582,0.0217847917819187,0.329423530131095,0.227310188894299,0.307638738349176
"34",34,176,9.94712394737593e-07,-0.0628042064579386,0.443457358417097,0.349875425548973,0.506261564875035
"35",35,176,0.728306820242719,0.0983240307765871,0.0612781425663528,0.203066096982024,-0.0370458882102343
"36",36,176,0.437540025365977,0.071709686517447,0.152658671323853,0.222043725395707,0.0809489848064057
"37",37,176,0.000574227772055824,0.0651023848058322,0.427372469426933,0.392098729607495,0.362270084621101
"38",38,176,0.0592355970082211,-0.105290245643274,0.090312895175116,0.16047071852762,0.19560314081839
"39",39,176,0.761511692551272,0.0887511417149589,0.121215356576856,0.177985812313954,0.032464214861897
"40",40,176,0.00399614742727719,-0.0454733305008411,0.250315460635745,0.318177791972012,0.295788791136586
"41",41,176,2.46559126290737e-15,-0.0725787882360707,0.798878832301394,0.694159723194752,0.871457620537465
"42",42,176,0.290167446400155,0.0393623498924598,0.158009784331735,0.184780822535445,0.118647434439275
"43",43,176,0.0337234650402014,-0.0323838532327185,0.198391954232287,0.249889078017164,0.230775807465005
"44",44,176,0.0117652333977395,0.0159985677714845,0.299859965918409,0.183539757395392,0.283861398146925
"45",45,176,0.0560092499139427,0.0522796787918852,0.254713642311829,0.227430488476401,0.202433963519944
"46",46,176,1.95323672773602e-06,-0.0267252179142347,0.48281117512447,0.422097463333194,0.509536393038704
"47",47,176,6.83236653931868e-06,0.0357253856889669,0.515319342764139,0.268653842441841,0.479593957075172
"48",48,176,1.01900365153747e-06,-0.0674674568336743,0.470753529103648,0.500359935953845,0.538220985937323
"49",49,176,0.0148723922329271,0.0819714277074456,0.342434415344154,0.376524406609551,0.260462987636708
"50",50,176,0.636003815438177,0.106928563269355,0.159404136663064,0.0532298632132055,0.052475573393709
"51",51,176,0.662375998746453,-0.0476602306672051,1.18387863966508e-05,0.0509125973775461,0.0476720694536018
"52",52,176,0.196934307076182,-0.072653919590447,0.0726129955726618,0.082108264134478,0.145266915163109
"53",53,176,9.0316411089245e-05,-0.0379119559437588,0.388237092431483,0.314685325948491,0.426149048375242
"54",54,176,0.0388391142598195,0.0108031937409651,0.248141457122919,0.187787136117328,0.237338263381954
"55",55,176,5.95121232016599e-11,-0.0455639851702788,0.674109033580299,0.683763959557031,0.719673018750578
"56",56,176,0.309018912585037,0.0650067090592066,0.17377015545064,0.117634579806593,0.108763446391434
"57",57,176,0.00929500735033807,0.0426566375170442,0.331136785977131,0.365131101466919,0.288480148460087
"58",58,176,9.04061196162221e-09,-0.00811777293556702,0.625983035423727,0.57352331444031,0.634100808359294
"59",59,176,0.762544687314057,0.0640596088794319,0.0326422396067471,0.0353526516433902,-0.0314173692726848
"60",60,176,0.770246410674164,0.0152341635275188,0.0461878708062665,0.0390351133325745,0.0309537072787478
"61",61,176,0.0173784678765585,-0.0488996231958539,0.201296232579817,0.317212229487273,0.25019585577567
"62",62,176,0.000512314812544209,-0.0587040309226785,0.3011318761826,0.380409627448892,0.359835907105279
"63",63,176,0.113789457095091,0.0723678902613194,0.249848090732659,0.179678527891374,0.17748020047134
"64",64,176,0.0243420606894903,-0.0851996435926869,0.161834204491492,0.228473423743927,0.247033848084179
"65",65,176,0.0190935985849741,-0.00175834883714814,0.260982863830832,0.207977561285597,0.262741212667981
"66",66,176,0.429586071707977,0.0778392174006824,0.168426573342521,0.188779456085592,0.0905873559418389
"67",67,176,0.0004952705829319,0.0753165080459003,0.458102993984342,0.426665872028749,0.382786485938442
"68",68,176,3.19201911443382e-06,0.0248330246159744,0.504772668900734,0.499636563233816,0.479939644284759
"69",69,176,0.0050603604441795,-0.0252906813923773,0.296358738101421,0.476601195885415,0.321649419493798
"70",70,176,0.964123121922587,-0.00676797044871627,-0.00199497067445543,0.105677754600624,0.00477299977426084
"71",71,176,0.0011475978190876,-0.0265172096363604,0.313940311364228,0.3393633543217,0.340457521000588
"72",72,176,2.30825637086778e-06,-0.0468202451240142,0.450271219733744,0.455379193223201,0.497091464857758
"73",73,176,0.359057378931684,-0.00982190028350812,0.0876076456426294,0.162566736581119,0.0974295459261375
"74",74,176,0.397621213776917,0.132019872858897,0.221900730340642,0.223705068851871,0.0898808574817446
"75",75,176,0.76806350366007,0.0782135534739959,0.0465209857268345,0.105952285157451,-0.0316925677471614
"76",76,176,0.110300182907619,-0.0275163385763708,0.148075777836007,0.205977034710772,0.175592116412377
"77",77,176,0.689957477524658,-0.0431422862074635,-0.00268887698363016,0.0509304876168779,0.0404534092238334
"78",78,176,0.281921729988891,0.163744185240004,0.0493000657335197,0.187650778984488,-0.114444119506484
"79",79,176,5.65114506325772e-06,-0.0401225015795583,0.433367512861642,0.480090635840856,0.473490014441201
"80",80,176,0.888016110113465,0.00365726775472667,0.0191072001721426,0.00509915158658468,0.015449932417416
"81",81,176,0.0526339119599829,-0.0102091499711008,0.175751924694568,0.184796733004627,0.185961074665668
"82",82,176,0.416443728970673,0.0919988414209757,0.00353937614230118,0.155068731174752,-0.0884594652786745
"83",83,176,0.00127573567309748,-0.174971927407288,0.200323980560816,0.242527740013886,0.375295907968104
"84",84,176,0.579124886422477,0.0927860350003264,0.0338627311244151,0.0879145011396388,-0.0589233038759113
"85",85,176,0.0211935470929529,-0.113564476764926,0.127236436313132,0.11032193990024,0.240800913078058
"86",86,176,0.0123425008659919,0.0702256431654515,0.348371596292585,0.354431842875475,0.278145953127133
"87",87,176,0.000668294938031192,0.0374809103864408,0.403844544801297,0.365247620100946,0.366363634414856
"88",88,176,0.000532543166241294,0.00176648456119,0.363355636864091,0.355972926029416,0.361589152302901
"89",89,176,4.67620918323653e-06,0.0177858154456039,0.515979728341384,0.485003078492195,0.49819391289578
"90",90,176,0.217069638695363,-0.0516911106240383,0.0885180698161292,0.0106340075109507,0.140209180440167
"91",91,176,0.517274634195652,-0.0236741358127685,0.0409931001914557,0.0602844158607404,0.0646672360042243
"92",92,176,1.2602285291071e-10,0.051811810956232,0.748447936570481,0.830559434813312,0.696636125614249
"93",93,176,0.235937265699977,-0.0322213707554883,0.0976096997899394,0.180284136351194,0.129831070545428
"94",94,176,0.913125110778445,0.0189540056923561,0.0303859013822289,0.0980463986241729,0.0114318956898728
"95",95,176,0.00382063716498717,0.0099868428287016,0.316103043777483,0.298505204329545,0.306116200948781
"96",96,176,0.123707202271612,-0.0134937042381204,0.146914187495703,0.0618176005344794,0.160407891733823
"97",97,176,0.164415062002375,-0.0105538998637447,0.138346765989444,0.240804970670636,0.148900665853189
"98",98,176,0.00381881340163893,-0.119371140400398,0.192201569647362,0.259502857969559,0.31157271004776
"99",99,176,0.00480829969317914,0.07336720308382,0.36700900499155,0.240569185953926,0.29364180190773
"100",100,176,0.631020164264818,-0.116152209671253,-0.0611340283730387,0.0932919951637089,0.0550181812982144
"101",101,176,0.264691696625802,-0.0500890857929,0.0652839517539371,0.183103037785178,0.115373037546837
"102",102,176,0.000395840531913077,0.040468373271141,0.444208947645002,0.540688260078598,0.403740574373861
"103",103,176,0.913469160629597,0.0354038908410874,0.0475039934889959,0.13485774459258,0.0121001026479085
"104",104,176,0.180455161998591,-0.0874370169120417,0.0553215856105969,0.0453301404827846,0.142758602522639
"105",105,176,1.41764957971295e-10,-0.0532963397815136,0.628384068924201,0.569689998413718,0.681680408705715
"106",106,176,0.000594979816724328,-0.104850907204337,0.225743705769078,0.15707290116908,0.330594612973415
"107",107,176,0.683600674235305,0.0105179372916011,0.0537080949613618,0.145630595418391,0.0431901576697607
"108",108,176,0.432996257917706,-0.0312421495677871,0.0551897511719677,0.0501914173161175,0.0864319007397548
"109",109,176,0.352871008637401,-0.00032218474246977,0.102073085386405,0.072699206758455,0.102395270128875
"110",110,176,4.26152512677442e-07,0.0590486839650804,0.62024311681466,0.545369310643,0.56119443284958
"111",111,176,0.0101018570947616,0.00144044395920133,0.282646445072562,0.19107132341007,0.281206001113361
"112",112,176,0.146366291292658,-0.134172970156538,0.0215411897070291,0.0316185303164508,0.155714159863567
"113",113,176,0.00381335385649059,0.0471993517592555,0.331997034903862,0.220693474345198,0.284797683144607
"114",114,176,0.0089126217717826,-0.0336255060663718,0.246008172690949,0.236391694729705,0.27963367875732
"115",115,176,0.175275263103119,0.14984233577002,0.304658080119558,0.311124804454813,0.154815744349538
"116",116,176,0.484854233841193,0.0569169718021644,0.12786119880752,0.193916480570858,0.0709442270053556
"117",117,176,6.23000062727668e-09,-0.0882475462830446,0.501535255877518,0.384615300888945,0.589782802160563
"118",118,176,0.504782420012286,0.0112769394138251,0.0811421296622138,0.140870647896361,0.0698651902483887
"119",119,176,0.669842800491958,-0.0420350345187626,0.0029694527332264,0.00830259061732496,0.045004487251989
"120",120,176,0.0801632504718125,0.0988472183985479,0.28405169843934,0.267945234964377,0.185204480040792
"121",121,176,0.033688062942054,-0.0683357159389876,0.158712206421283,0.140469942795936,0.22704792236027
"122",122,176,1.61759790449619e-11,0.0163612194540029,0.756853602850907,0.74729342895694,0.740492383396904
"123",123,176,0.00827186402390993,0.128223787999965,0.392663575554566,0.304476359478139,0.264439787554601
"124",124,176,0.00115825054867726,0.0557557134406801,0.378092889239842,0.370595519290623,0.322337175799162
"125",125,176,0.513467969866249,-0.0219095046539752,0.0467723985044389,0.0872878135782508,0.0686819031584141
"126",126,176,0.0582692714631117,-0.0409102881818692,0.165541949092828,0.146588083908349,0.206452237274697
"127",127,176,0.0403858950532671,-0.0431784462668824,0.163996038776126,0.203994927254477,0.207174485043008
"128",128,176,0.133959606348938,0.159060960980684,0.31938001565891,0.271838364537973,0.160319054678226
"129",129,176,0.361669773042125,0.142727737624451,0.246175180615414,0.228047632671754,0.103447442990963
"130",130,176,0.0157309449204761,0.0425480814205086,0.303575664308062,0.323991735892994,0.261027582887553
"131",131,176,2.0386596179141e-05,0.0114751774611371,0.460440956862041,0.571752409427942,0.448965779400904
"132",132,176,1.36539049087585e-15,-0.0255974432641606,0.81624859499667,0.6411610585808,0.841846038260831
"133",133,176,0.212698245864785,0.138348412019238,0.0131235990182653,0.0802540337221409,-0.125224813000972
"134",134,176,7.55177890513926e-06,-0.0571601187909941,0.426144498369894,0.413951387990597,0.483304617160888
"135",135,176,0.100451202376075,0.016273515629578,0.193898343032585,0.169850918087437,0.177624827403007
"136",136,176,0.726894147233689,0.0847405549182504,0.0465333751573872,0.140135373630114,-0.0382071797608632
"137",137,176,0.0009283537559216,-0.0547096477590761,0.281350763779968,0.253864363087542,0.336060411539044
"138",138,176,0.00390387084738613,-0.0154663017778673,0.286675741738781,0.312520191996127,0.302142043516648
"139",139,176,0.014838836392291,0.0252823363732138,0.293344219561304,0.192001418461953,0.268061883188091
"140",140,176,0.00170808436389828,-0.0630594559691545,0.280786338033116,0.257208454298161,0.343845794002271
"141",141,176,0.00174851927718627,0.0329305014710483,0.370793496707321,0.421177697897556,0.337862995236273
"142",142,176,0.451997574802887,0.0124658913090347,0.0888594331840442,0.115049572531247,0.0763935418750095
"143",143,176,0.000112430150368532,-0.0778805396800372,0.333542798013562,0.320608579767204,0.411423337693599
"144",144,176,0.531495101795944,0.131758887445143,0.064137598128297,0.0850799628367013,-0.067621289316846
"145",145,176,1.5125547816164e-05,0.0770220202482406,0.556486481695227,0.515922613722168,0.479464461446987
"146",146,176,6.50186380254448e-08,-0.242413491004961,0.307803682975572,0.277870655250392,0.550217173980533
"147",147,176,0.00157057546946999,-0.0424866961220631,0.304751245678941,0.337883269560169,0.347237941801004
"148",148,176,0.0158003482268549,-0.0433240580644491,0.223931594823959,0.129734968367717,0.267255652888408
"149",149,176,0.880557021639515,-0.0106593309754652,-0.0257695751549857,0.0738191977831627,-0.0151102441795205
"150",150,176,6.80939513176403e-05,0.00279160436498033,0.415343183687739,0.388505185021743,0.412551579322758
"151",151,176,0.0395458303459231,0.0132045435728079,0.220008608324576,0.301709507526184,0.206804064751768
"152",152,176,0.0343083383391396,-0.0295227403479225,0.184587889775195,0.252016148297126,0.214110630123118
"153",153,176,0.0194407912959648,0.127312630877118,0.389689739120546,0.403151120408689,0.262377108243428
"154",154,176,2.76598892528018e-06,-0.0338581138192111,0.444466729803691,0.491545168619206,0.478324843622902
"155",155,176,9.18223450408443e-07,-0.00326118195445911,0.533241356070948,0.519560899711779,0.536502538025407
"156",156,176,0.139858677390966,0.0418847516708093,0.207604783393133,0.155273086090115,0.165720031722323
"157",157,176,0.000970105577218955,-0.139297821646137,0.192440685335681,0.17731151457772,0.331738506981818
"158",158,176,2.94437225685774e-05,-0.10064592107949,0.328690593647113,0.230644162375164,0.429336514726603
"159",159,176,0.712739599586859,0.11623889707607,0.0773407428507186,0.171993718421906,-0.0388981542253518
"160",160,176,0.00110013738029286,0.0251515208891158,0.361897297225689,0.366994798286322,0.336745776336573
"161",161,176,0.000260473813013953,-0.0551739967660438,0.344225875049085,0.397649153063088,0.399399871815129
"162",162,176,0.000191504897595888,0.0132854660327217,0.437903684217433,0.452318759968188,0.424618218184711
"163",163,176,0.176717387648312,-0.0129310237062135,0.126692478623963,0.164857204108719,0.139623502330177
"164",164,176,0.025757251946011,-0.122116155393671,0.124626019895561,0.208952304825699,0.246742175289232
"165",165,176,0.0874539046645336,0.0232636606621465,0.20403120456234,0.0943577783716883,0.180767543900193
"166",166,176,1.15826045817016e-05,-0.135709010867802,0.333745012812296,0.285907640738257,0.469454023680098
"167",167,176,2.1381020776874e-07,-0.0136584834041346,0.552031372706789,0.524611936988748,0.565689856110924
"168",168,176,0.48181247116009,-0.0289972190489768,0.046965887087358,0.0660263462425054,0.0759631061363348
"169",169,176,0.00129239609324889,-0.0806822041371827,0.246876152267298,0.228532772832311,0.327558356404481
"170",170,176,1.43426097426168e-06,-0.0305522589803771,0.538663399917746,0.534724177338166,0.569215658898123
"171",171,176,0.653773305550013,0.0469025270898923,0.095752713212083,0.153882711132477,0.0488501861221907
"172",172,176,0.000866431132439132,0.0160300123522711,0.376691855714528,0.381697895694397,0.360661843362256
"173",173,176,0.101161292120453,0.114754073301551,0.291722134008161,0.36297736965336,0.17696806070661
"174",174,176,0.399379109002989,0.077188606122779,0.16466811281449,0.125288899892032,0.0874795066917114
"175",175,176,0.0537146472498037,-0.203295301939116,0.00193325105104727,0.023563003023009,0.205228552990163
"176",176,176,0.912270260626581,0.0400581915400072,0.052926421947055,0.0887207291881616,0.0128682304070478
"177",177,176,0.000718945764179417,-0.0378081919936432,0.341895863799849,0.252810611859661,0.379704055793492
"178",178,176,0.613842037472775,0.0251009266525302,-0.0284162578883675,0.0403142310583895,-0.0535171845408978
"179",179,176,3.45077689727046e-06,-0.143852004516704,0.350389453626934,0.392059957774481,0.494241458143639
"180",180,176,0.0263042170081583,-0.0507532467411059,0.194585893961839,0.067171263488003,0.245339140702945
"181",181,176,0.0254062447103186,0.0236299007697706,0.256405969433963,0.273038100550285,0.232776068664193
"182",182,176,0.440906447963905,-0.0379016235206261,0.0477015109547812,0.178917706206286,0.0856031344754073
"183",183,176,0.176657467005587,0.0135316630197795,0.156574025959113,0.146303034922358,0.143042362939333
"184",184,176,0.0767617453662728,-0.0307862230124619,0.150343577151163,0.177369313330426,0.181129800163625
"185",185,176,0.0173752137396034,-0.038720844879041,0.235029362736307,0.234050370037797,0.273750207615348
"186",186,176,0.172665839630155,0.0384780584264677,0.179406173345361,0.136471523903343,0.140928114918893
"187",187,176,0.000168077800321911,0.111389271985798,0.520144753659918,0.570859647041122,0.40875548167412
"188",188,176,2.65864379413644e-06,0.0321297063755164,0.545431321508754,0.464763821199591,0.513301615133237
"189",189,176,0.885301526274478,0.161539299331465,0.146501583262165,0.114564874793592,-0.0150377160693001
"190",190,176,0.180586371496993,-0.0337918913740552,0.110648593492395,0.107168626416928,0.14444048486645
"191",191,176,0.0133674228000312,-0.0666992715086428,0.214838814980961,0.278235048629834,0.281538086489603
"192",192,176,0.585200514380283,-0.030348800496445,0.0242729030684369,0.0567007106318402,0.054621703564882
"193",193,176,6.53303210005184e-08,0.0381721158789496,0.637230717750987,0.574913842968295,0.599058601872038
"194",194,176,0.00766258415427594,0.102344120231181,0.403305201290284,0.271061435951568,0.300961081059103
"195",195,176,5.05519928991135e-10,-0.107565706629552,0.588182821577807,0.476171349241388,0.695748528207359
"196",196,176,0.340252295586818,0.0793464262335278,0.180661594098186,0.270827661907397,0.101315167864658
"197",197,176,0.040408644934232,0.0476360319977575,0.25819837175892,0.168743950163632,0.210562339761162
"198",198,176,0.124981429971622,-0.0935812090073912,0.0639063982329114,0.0590982986002049,0.157487607240303
"199",199,176,0.404205713039333,0.0132259644580791,0.101081025649673,0.0600843191362832,0.0878550611915941
"200",200,176,0.0158145893014203,-0.0184260809309878,0.23254544009743,0.15109773324759,0.250971521028418
"201",201,176,0.0191240195412993,-0.0379283661967333,0.209609177795491,0.16248334632915,0.247537543992225
"202",202,176,0.197123568929768,-0.011361135230206,0.125550627217009,0.155133424151545,0.136911762447215
"203",203,176,0.817044134928834,0.0532197020271141,0.0275507351399587,0.0559953374772769,-0.0256689668871554
"204",204,176,0.77303945579176,-0.000696455855869773,0.0310935932031746,0.0834374172380291,0.0317900490590444
"205",205,176,0.290958149805389,-0.0166286698138059,0.092355006811822,0.173306818298816,0.108983676625628
"206",206,176,0.478512085589072,0.0199892409482556,0.0921728935672107,0.091608549157295,0.0721836526189551
"207",207,176,5.29846807247658e-07,-0.155419361082332,0.383736873624402,0.423210395182867,0.539156234706734
"208",208,176,0.026158749680816,0.108897264307122,0.354660382318984,0.204445477741343,0.245763118011862
"209",209,176,6.15387801355998e-06,-0.0212686749703902,0.462706479747677,0.41164803444795,0.483975154718067
"210",210,176,3.74097743309927e-07,-0.183421759730108,0.418329163640613,0.46140063957092,0.601750923370721
"211",211,176,0.122746086384909,0.018875545580538,0.190954931124914,0.264355262815801,0.172079385544376
"212",212,176,0.00366081114370725,-0.0404429552501351,0.265797978368862,0.236426226674319,0.306240933618997
"213",213,176,0.0229653152978176,-0.155927889982378,0.090583700243274,0.0493614758314689,0.246511590225652
"214",214,176,9.48788730997056e-06,-0.0615846898139181,0.418104256224336,0.445968437410129,0.479688946038254
"215",215,176,0.24826302058389,-0.0101276497041298,0.108721839687241,0.143035543525929,0.118849489391371
"216",216,176,7.59063238067726e-05,-0.030564038550192,0.384237649532101,0.383062101502576,0.414801688082293
"217",217,176,0.862767907278992,0.0507152413096614,0.0331542490231298,0.114365832323478,-0.0175609922865316
"218",218,176,0.169666114775642,0.0112120627906384,0.157197152552418,0.287464269543776,0.145985089761779
"219",219,176,0.244789809458326,-0.0286687192467852,0.0982625860673,0.0421961882636749,0.126931305314085
"220",220,176,0.616535604135518,0.104967699606076,0.158316078034873,0.0260966026420487,0.0533483784287972
"221",221,176,0.347481467249863,-0.0052744539718708,0.0972906018183953,0.0636402501119146,0.102565055790266
"222",222,176,0.00887948148022563,-0.0303876572073662,0.232054633054586,0.107090803418763,0.262442290261952
"223",223,176,1.61756732034133e-10,-0.0585618575718156,0.640807777637954,0.552963763456011,0.69936963520977
"224",224,176,0.000603344175493895,-0.147854464595026,0.200607427064771,0.185570522894486,0.348461891659797
"225",225,176,0.0597047809295621,0.175715296549779,0.379900457049072,0.361532090204176,0.204185160499293
"226",226,176,0.00607078668233576,0.124713725588189,0.424958850466888,0.350844407593105,0.300245124878699
"227",227,176,0.0158593376561833,-0.0833881408166657,0.181255523854979,0.128209901686887,0.264643664671645
"228",228,176,0.325504929474664,-0.0221342190525822,0.0820064894601073,0.100539678224269,0.104140708512689
"229",229,176,4.30916096782015e-07,-0.0135345997789713,0.566295634474782,0.48600151864327,0.579830234253754
"230",230,176,0.0117374351287395,-0.0497661997034352,0.21307572738971,0.143797166666158,0.262841927093145
"231",231,176,0.000427560337213508,-0.0339756420419421,0.349670330475092,0.236163127603787,0.383645972517034
"232",232,176,6.91268018340672e-06,-0.0014194240988143,0.47087782697573,0.465291935591969,0.472297251074544
"233",233,176,1.7183628678259e-07,-0.0436006590129506,0.534833285227452,0.434131004109705,0.578433944240403
"234",234,176,0.722511918744885,0.133446512398952,0.174409154205201,0.146065805443851,0.0409626418062487
"235",235,176,0.431769098897081,0.0343516866264986,0.118741766470963,0.13727126155779,0.0843900798444647
"236",236,176,0.0160276747174253,-0.0467558252438495,0.207231879484784,0.160890667172762,0.253987704728634
"237",237,176,0.301395781548745,0.0654808539157428,0.17479636345429,0.117711638030218,0.109315509538547
"238",238,176,0.111130047087597,0.0560331357715916,0.224391037515048,0.102409757734542,0.168357901743456
"239",239,176,0.57549548915916,-0.0674834848170545,-0.00522333920657412,0.0395664723746879,0.0622601456104804
"240",240,176,0.0886088310373216,-0.0598033308107547,0.124513910463327,0.209581854612588,0.184317241274082
"241",241,176,0.000764257500172216,0.0480560622323893,0.403340091009686,0.405279772062555,0.355284028777296
"242",242,176,1.89007089356723e-07,-0.143393896527811,0.441656372731418,0.404473859331533,0.585050269259228
"243",243,176,0.0167150876137269,0.116832239385572,0.374879132437344,0.442204131126237,0.258046893051772
"244",244,176,0.0905799546131256,0.104813443019535,0.276656833406568,0.229137032680116,0.171843390387033
"245",245,176,0.810969431770652,0.0893934967504368,0.11535073333826,0.122530676655961,0.0259572365878233
"246",246,176,0.711591658006682,0.128977476222448,0.0873253840359881,0.0428419343119907,-0.0416520921864598
"247",247,176,0.00209135632593001,0.0233687667825128,0.353417603634245,0.442831752205441,0.330048836851732
"248",248,176,5.03586620629571e-05,-0.0671385225413772,0.376735689385918,0.367298837829123,0.443874211927295
"249",249,176,0.011068993789532,0.0191165869785134,0.290683672066482,0.310311000963713,0.271567085087969
"250",250,176,0.124345111040604,-0.0137208329508101,0.144676843048162,0.179366939050292,0.158397675998972
"251",251,176,0.00339511155682624,-0.063705750438484,0.25860605818301,0.411056418703277,0.322311808621494
"252",252,176,1.17409778003616e-05,0.00150198826666509,0.485271529791765,0.492277586591731,0.483769541525099
"253",253,176,0.05114025935951,0.107151256276847,0.320972080683747,0.287891852251247,0.2138208244069
"254",254,176,0.158718268158548,0.133250778206475,0.278265016540081,0.330743157554187,0.145014238333606
"255",255,176,0.0871432028861086,0.00276241769228431,0.177227601441654,0.17672411146575,0.17446518374937
"256",256,176,0.000638135739763654,-0.00392235505814869,0.331612197588695,0.221976761170051,0.335534552646844
"257",257,176,0.932256703701111,0.0249416587875313,0.0161957256751874,0.0999583684464543,-0.00874593311234398
"258",258,176,0.000203453372109557,-0.159023408792238,0.241058777364078,0.202587775121227,0.400082186156317
"259",259,176,0.000255750437023416,-0.164140301429951,0.196754078398076,0.190690192517899,0.360894379828028
"260",260,176,0.11439940141751,0.10430227741091,0.278047194532109,0.293565978279109,0.173744917121198
"261",261,176,0.0664012402570262,0.0139351379396942,0.215673310513613,0.174205438827784,0.201738172573918
"262",262,176,0.0171368003357629,-0.11252232539572,0.13800719016506,0.194528249510052,0.25052951556078
"263",263,176,0.000252873247586676,-0.000586875165018774,0.392551436483562,0.445250324467687,0.393138311648581
"264",264,176,0.0382961826634791,0.0739059442581548,0.277103038383831,0.377413204404029,0.203197094125676
"265",265,176,0.00099073623295422,0.0127790124365797,0.369335035623011,0.358575262055484,0.356556023186431
"266",266,176,9.88158175218063e-07,0.17220931971412,0.709130399307573,0.607354713321432,0.536921079593453
"267",267,176,0.436213152806336,0.0059270777094091,-0.0773649071325592,0.0360881647019275,-0.0832919848419683
"268",268,176,0.00555308324996099,0.0560543069118923,0.358926218665557,0.402488973328197,0.302871911753664
"269",269,176,0.372461398310398,-0.0797655150080145,0.0103002058293687,0.140471491918922,0.0900657208373832
"270",270,176,0.91121485704273,0.107062470680667,0.119292343575435,0.239786948372687,0.0122298728947684
"271",271,176,0.0196563329117638,-0.0215728199244972,0.221602601266548,0.250861712421162,0.243175421191045
"272",272,176,0.317927005612486,0.043107139514653,-0.0636453844341992,0.0123169186980004,-0.106752523948852
"273",273,176,0.00117453331472945,0.0596102222225064,0.399513437328593,0.332926031701959,0.339903215106087
"274",274,176,0.0057782688697111,-0.054512946163642,0.242491045837665,0.225806325907163,0.297003992001307
"275",275,176,0.0611753907525433,0.250876274508441,0.454064067877228,0.37622404214248,0.203187793368787
"276",276,176,0.157607556123693,-0.100069921199883,0.0481815108910583,0.0759151953160414,0.148251432090942
"277",277,176,0.262745520788716,0.0253372829040079,0.146840105058671,0.139883598104207,0.121502822154663
"278",278,176,0.0001322474670027,0.0468052410852592,0.464065509531918,0.575856755775307,0.417260268446659
"279",279,176,2.06714324031158e-09,0.0515117936824877,0.67807708887491,0.620750677011191,0.626565295192423
"280",280,176,2.84596732240368e-05,0.0415825047594729,0.507848628926372,0.403561273640984,0.466266124166899
"281",281,176,9.53063340904862e-07,0.0915368881890896,0.629659553809001,0.562810303435816,0.538122665619911
"282",282,176,0.000538488808901396,0.108779532098985,0.486403974668916,0.418698115453603,0.377624442569931
"283",283,176,0.0586350465905737,0.00786162871851201,0.202597610649487,0.0729627898790557,0.194735981930975
"284",284,176,0.150552493641164,0.059219735554279,0.221881682705473,0.270624966119724,0.162661947151194
"285",285,176,0.169621633446568,-0.0638509911732046,0.0793418892893629,0.0568876285392221,0.143192880462568
"286",286,176,0.0289968557522339,-0.0511287639616797,0.179873141756471,0.167344467357198,0.231001905718151
"287",287,176,0.000204293477215815,0.0567536145246275,0.473741864553772,0.364421007093234,0.416988250029144
"288",288,176,0.910314321681735,-0.075093205672791,-0.0626182041075622,0.011747634075165,0.0124750015652288
"289",289,176,0.0294382888327829,0.0653583808828372,0.29839756500858,0.249858950391622,0.233039184125742
"290",290,176,0.540872540137031,0.0438558464751128,0.107970491920374,0.169905083013296,0.0641146454452612
"291",291,176,0.00666007313277197,0.0588377098243499,0.345067646662875,0.272401060840067,0.286229936838525
"292",292,176,0.026446188251603,0.0477926122313328,0.285581895049749,0.332563161878581,0.237789282818416
"293",293,176,0.0405156430277003,-0.0537504636348214,0.167634687100241,0.155517779069161,0.221385150735063
"294",294,176,5.61614654928054e-06,-0.0343900680219167,0.43515858719029,0.516585754936833,0.469548655212206
"295",295,176,0.293873171683366,0.143903982361024,0.260567123193728,0.280400421475908,0.116663140832704
"296",296,176,0.02680015612049,-0.0653124828746816,0.178517326836043,0.0931198445666255,0.243829809710724
"297",297,176,0.797143958167689,0.00516730581869717,0.0314832710167255,0.0869632170979543,0.0263159651980283
"298",298,176,0.714765284168155,0.0564253958247229,0.0179393566943243,0.0728324826114453,-0.0384860391303986
"299",299,176,0.00551270567347602,-0.0560584705450203,0.232412534305853,0.194700348318587,0.288471004850873
"300",300,176,0.315699016257978,0.0917340813399084,-0.0171848272123782,0.0809978703684863,-0.108918908552287
"301",301,176,0.267053336576048,0.0997580667870128,0.2194120443563,0.196709374381132,0.119653977569287
"302",302,176,0.663449195273515,0.0814095530364256,0.127226153967739,0.228188038394732,0.0458166009313137
"303",303,176,0.953573271358789,-0.009982111880786,-0.00377072472594294,0.0542790911897704,0.00621138715484306
"304",304,176,0.000161867606034001,0.00648374699930218,0.412925348518525,0.396484358786967,0.406441601519222
"305",305,176,0.397532638291787,-0.0245814940619692,0.0666088227058096,0.120313352569138,0.0911903167677788
"306",306,176,0.132171652824304,0.0918312395884172,-0.060259205719598,0.0961969830963905,-0.152090445308015
"307",307,176,0.136295550976266,3.7469210636186e-05,0.15608946797455,0.162685184338577,0.156051998763914
"308",308,176,0.731050832293158,-0.0770540939541293,-0.0394991635385701,0.0464793186497817,0.0375549304155592
"309",309,176,0.0158764611624872,0.052016134700967,0.307746312101184,0.319001257241048,0.255730177400217
"310",310,176,0.0528472209160104,-0.0560997642310531,0.15562962537669,0.116041968247319,0.211729389607744
"311",311,176,0.163205080608537,0.0924942491437585,0.233405294461418,0.302032260080782,0.140911045317659
"312",312,176,0.00909635435100687,-0.0469618141001203,0.249648373375214,0.311506170724894,0.296610187475334
"313",313,176,1.43768992596762e-07,-0.0748966689848049,0.465061468556485,0.341843925982349,0.53995813754129
"314",314,176,0.09380483487516,-0.0288264779204597,0.146755762806445,0.102031787467333,0.175582240726905
"315",315,176,1.91743043299316e-07,-0.0712244960649382,0.502040480088603,0.499283531829495,0.573264976153541
"316",316,176,0.671285876107043,0.0784275965546159,0.124799718914917,0.119790256562597,0.0463721223603009
"317",317,176,0.416095699080352,-0.056361177816348,-0.147310654814788,0.00912129608074488,-0.0909494769984404
"318",318,176,0.800803888383484,0.0661719755351606,0.0935124082666812,0.115422509260252,0.0273404327315206
"319",319,176,0.980871024806005,0.106165991431303,0.108780602621794,0.209479982494797,0.00261461119049078
"320",320,176,0.000183238065284186,0.0405253775764689,0.453499384371746,0.293329461044832,0.412974006795277
"321",321,176,8.14862863467863e-10,-0.0637639421017109,0.658718590165203,0.52701846785272,0.722482532266914
"322",322,176,0.00186444257141639,-0.0884336705563483,0.222618622409059,0.148150102675756,0.311052292965408
"323",323,176,0.256197122570523,-0.00657367588375887,0.110547170504112,0.14618923640425,0.117120846387871
"324",324,176,6.03905659635729e-06,-0.131978127337135,0.35850655075694,0.573779703304832,0.490484678094075
"325",325,176,0.0126505812204589,-0.0579953095491069,0.184311185453342,0.119770206597321,0.242306495002449
"326",326,176,0.00232123951482792,0.0250926083244615,0.354341408776387,0.311983226672238,0.329248800451925
"327",327,176,9.21178087014708e-06,-0.0134754295253776,0.465991577590764,0.562809532111359,0.479467007116142
"328",328,176,3.87564760594922e-05,-0.0985413167969019,0.313213616741754,0.339427855237576,0.411754933538655
"329",329,176,0.204089102088661,-0.104985445409551,0.0216442290810058,0.0760042547986808,0.126629674490557
"330",330,176,0.00123733387068669,-0.0853894988580571,0.268832109730911,0.248541859238777,0.354221608588969
"331",331,176,2.24345253870445e-06,-0.0114984199285619,0.492170876497607,0.515246701225588,0.503669296426169
"332",332,176,1.10681143453019e-08,-0.0530422757179097,0.591619297794444,0.523146186023996,0.644661573512354
"333",333,176,0.000313861957488432,-0.0370634444067336,0.34694829971928,0.34863183691563,0.384011744126013
"334",334,176,0.00967345342239002,0.0194046886640526,0.307351657356472,0.387245579674559,0.28794696869242
"335",335,176,1.40217356021283e-06,0.0634749898887622,0.559458018336271,0.622774870449636,0.495983028447508
"336",336,176,0.000482561319363002,0.0574543977730931,0.409965269225923,0.515154621676481,0.35251087145283
"337",337,176,0.0100894528449805,-0.0667971331666229,0.217800253786611,0.302682172020499,0.284597386953234
"338",338,176,0.0173501698742694,0.0272768537255835,0.281539856819709,0.294671588024286,0.254263003094126
"339",339,176,0.0749996047354825,0.174089683001791,-0.0140472208389123,0.0795850001744974,-0.188136903840703
"340",340,176,0.403411823226133,-6.86624226584872e-05,0.0826027307330619,0.12581126578304,0.0826713931557204
"341",341,176,0.0567605073954163,-0.0282182877739299,0.17525082198762,0.130852077046622,0.20346910976155
"342",342,176,0.000162257421963412,0.0676223001809541,0.465283812158835,0.551841213441269,0.39766151197788
"343",343,176,0.000465669832190662,-0.145395228028834,0.217349737620449,0.163533553549317,0.362744965649283
"344",344,176,4.37699855251907e-06,-0.0212977527724983,0.47895409448274,0.369230555428189,0.500251847255239
"345",345,176,0.0766080339958247,-0.0339465654050528,0.142794991002464,0.135161422301952,0.176741556407517
"346",346,176,1.36144851620987e-12,-0.085573595148841,0.674068773860651,0.644747979576098,0.759642369009492
"347",347,176,0.00543363565649358,-0.0376567843419243,0.26499988862483,0.196845531675706,0.302656672966755
"348",348,176,1.11600233140929e-06,-0.02574072773104,0.485415271199413,0.506508145509614,0.511155998930453
"349",349,176,0.778823275011783,0.0832377296504126,0.0534609096435419,0.0805757324441324,-0.0297768200068707
"350",350,176,0.134190730275832,0.0761432089589063,0.244570410159185,0.216118738923528,0.168427201200279
"351",351,176,0.181452711622237,0.0461621352177813,0.180903480703624,0.153521779318175,0.134741345485843
"352",352,176,0.0171027203444258,-0.0892039757220889,0.145692181576302,0.233691721679303,0.234896157298391
"353",353,176,6.10510950680829e-11,-0.116226722329326,0.61368449425697,0.604666472925402,0.729911216586295
"354",354,176,0.679625510733033,0.000465657038984192,-0.0440041389936048,0.0985549957100222,-0.044469796032589
"355",355,176,0.230978534715109,0.06823841362169,0.191619904611613,0.207488239156856,0.123381490989923
"356",356,176,3.1328363326376e-07,-0.182252612996689,0.375953043992797,0.242349525168752,0.558205656989486
"357",357,176,4.45143797785747e-17,-0.0780803057508385,0.885979600398929,0.810533628514659,0.964059906149767
"358",358,176,0.0358957525341359,-0.0176562827140355,0.197255345862506,0.222347119019704,0.214911628576541
"359",359,176,7.96876141325932e-11,-0.0411150860570131,0.645888089233693,0.609194196108078,0.687003175290706
"360",360,176,5.20889307764499e-06,-0.0283881461047639,0.453258111464321,0.437831400332695,0.481646257569085
"361",361,176,0.000567541056107158,-0.161138351918829,0.188368859406628,0.227013485366097,0.349507211325456
"362",362,176,1.94450621570191e-05,-0.0279230456545356,0.455806179192987,0.524964301671542,0.483729224847522
"363",363,176,0.182502349975273,0.0110794403232203,0.149744045488393,0.159521373096135,0.138664605165173
"364",364,176,0.00713446707940424,0.00118153958843576,0.293182313673511,0.319568723291105,0.292000774085076
"365",365,176,0.976618680324409,-0.0047984175045801,-0.00148622034975213,0.0439167884760364,0.00331219715482798
"366",366,176,0.330448974708979,0.00442546354090436,0.111917458736545,0.179693223429759,0.107491995195641
"367",367,176,3.42671310163148e-05,-0.0127608088725201,0.46634838264576,0.413623769152744,0.479109191518281
"368",368,176,0.735839779487561,-0.0397901277873377,-0.0745205226353101,0.00889253387833772,-0.0347303948479724
"369",369,176,0.205421350327846,-0.0393774519290009,0.0944291632858421,0.0716451930800492,0.133806615214843
"370",370,176,0.461769569349572,0.0894049607934122,0.00793554411214809,0.0956569036543665,-0.0814694166812641
"371",371,176,9.64627517612261e-06,-0.0196674338698902,0.452360361242367,0.418195967537246,0.472027795112257
"372",372,176,0.0107225996545153,-0.1664862232809,0.109400532936595,0.0500350123224981,0.275886756217494
"373",373,176,0.213471733562419,-0.0582168126370783,0.0678212816367161,0.0358172861464805,0.126038094273794
"374",374,176,0.0224951318171351,-0.107705311843725,0.149435832054946,0.230894451935427,0.257141143898671
"375",375,176,6.80279202639045e-05,0.0108448286823734,0.440891289323727,0.431913833558567,0.430046460641353
"376",376,176,0.000127344762948584,-0.0181128324231199,0.410973003615604,0.450759344966525,0.429085836038724
"377",377,176,0.596445811157562,-0.0663710491859599,-0.00711595848903646,0.00304163226785652,0.0592550906969235
"378",378,176,0.390300787715636,0.0557064753890526,0.144830589925952,0.0635760229608035,0.0891241145368999
"379",379,176,0.497285277023848,-0.0108371643873286,0.0621536490970801,0.105312714197206,0.0729908134844087
"380",380,176,0.926211163481977,0.0714444772652577,0.0613723485176253,0.0443006893497704,-0.0100721287476324
"381",381,176,0.00911804987377441,-0.108058268974548,0.181638545072022,0.173524223259204,0.28969681404657
"382",382,176,0.942679731257415,-0.0398014452623506,-0.0318753516683554,0.0329498303400346,0.00792609359399518
"383",383,176,0.0664586734534435,-0.0402786717350454,0.169687642887034,0.151398054270533,0.209966314622079
"384",384,176,1.28793800878847e-06,0.0316937005491307,0.561372362558708,0.523941892349413,0.529678662009577
"385",385,176,0.00239039639099821,-0.0305327973981486,0.305094476308422,0.312520748385444,0.335627273706571
"386",386,176,2.42366612241581e-05,-0.0416744227110649,0.430948789802107,0.469250516999668,0.472623212513172
"387",387,176,0.00177712463006096,-0.11285028775822,0.211538311163514,0.215408322643382,0.324388598921734
"388",388,176,0.0479524431963672,0.137347853551379,0.344960350882139,0.342010034689667,0.207612497330761
"389",389,176,6.29974489459855e-07,0.0836068559586137,0.629217928413786,0.548100153158381,0.545611072455173
"390",390,176,1.99641010053112e-05,0.00156004823376153,0.467521335025258,0.443175330615808,0.465961286791497
"391",391,176,2.14330730711922e-05,0.12203066764485,0.588601846403941,0.486735086915331,0.466571178759092
"392",392,176,0.694409067045341,-0.0679992797509615,-0.0290530424696273,0.0618110910182299,0.0389462372813342
"393",393,176,0.0983812458926259,0.0468807059582703,-0.122059376120769,0.00992864289909183,-0.168940082079039
"394",394,176,0.42048438227567,-0.0417046819374763,-0.125464096017014,0.0770403164068964,-0.0837594140795375
"395",395,176,4.95075256228755e-09,-0.0643144351071623,0.548778460494509,0.500467547463137,0.613092895601671
"396",396,176,8.40995728107186e-05,0.00597936040587349,0.435323645394122,0.493957482058078,0.429344284988249
"397",397,176,0.205879336979336,0.157300396826966,0.285852420485445,0.273509407361967,0.128552023658479
"398",398,176,2.36889815205618e-07,-0.00749262520420825,0.536548572879449,0.376429078652757,0.544041198083657
"399",399,176,0.765409429441744,0.0603874550586589,0.0911147897929635,0.109360418093253,0.0307273347343046
"400",400,176,0.427281021154599,0.122509929457066,0.200674209323522,0.103201203389554,0.0781642798664554
"401",401,176,0.0292165673247349,0.0212085189090426,0.23989287723235,0.247982372751428,0.218684358323308
"402",402,176,0.405801911030448,0.0542832301872438,0.13843176741801,0.0803210675797715,0.0841485372307659
"403",403,176,0.234180216493818,0.130680588285756,0.261588815219598,0.254819399478319,0.130908226933841
"404",404,176,0.707897411473358,0.101184743770448,0.0608530032805457,0.155986358514312,-0.040331740489902
"405",405,176,0.188423585122504,-0.140362436141065,-0.00655768529026891,0.0799691998309752,0.133804750850797
"406",406,176,2.4693681861885e-05,-0.123607706376589,0.300293092802213,0.323453280672569,0.423900799178802
"407",407,176,0.0380407359862467,0.014060625152408,0.251152976012899,0.31570266161332,0.237092350860491
"408",408,176,7.24634429772453e-10,0.0133296390280416,0.670382315669541,0.636661164438696,0.657052676641499
"409",409,176,0.000553761151593377,-0.0805447578560639,0.286599106510239,0.281587802956327,0.367143864366303
"410",410,176,0.123046005083064,0.149549833884393,0.298591061435851,0.225651939443882,0.149041227551458
"411",411,176,0.606210667474183,0.00891140865480441,-0.04572021830927,0.0707158053691466,-0.0546316269640744
"412",412,176,0.942201210122757,0.0802818379754442,0.0723733362039271,0.058881768663878,-0.0079085017715171
"413",413,176,0.732634539546389,0.0064212376952936,0.0433808704409686,0.0636000395538075,0.036959632745675
"414",414,176,0.195534188259945,-0.0547278801645786,0.0853971566513503,0.0895714384408311,0.140125036815929
"415",415,176,0.029377284593472,-0.145529242082691,0.0765271406258697,0.105915812687127,0.222056382708561
"416",416,176,0.239191234174831,0.0106175724929029,0.141715758061479,0.0918542151062522,0.131098185568577
"417",417,176,0.0309543293556558,0.0132344142914664,0.240912253021352,0.216017156175585,0.227677838729885
"418",418,176,0.81449407940559,0.127906221482878,0.153265643776442,0.167039347387636,0.0253594222935637
"419",419,176,2.34685127349862e-06,-0.105957415535014,0.394278407908201,0.326972189798117,0.500235823443215
"420",420,176,0.155742809382203,0.0709024925926234,0.227507604723503,0.231281605921921,0.15660511213088
"421",421,176,0.00536559766484566,-0.0391728514746916,0.249513619070077,0.280218085827152,0.288686470544768
"422",422,176,0.469340389577502,-0.0625689426341385,0.017360628992912,0.0930515763051747,0.0799295716270505
"423",423,176,1.44197287688882e-09,0.0048755672365872,0.661455666000782,0.732345495405084,0.656580098764195
"424",424,176,2.29836428144545e-06,-0.0602672308924259,0.434054884276301,0.39396928482815,0.494322115168727
"425",425,176,0.183844404193599,-0.00246104491727238,0.143173294886651,0.241757069468001,0.145634339803923
"426",426,176,0.000316242227788304,-0.0150312443797733,0.36789026743679,0.368391708761067,0.382921511816563
"427",427,176,0.141035372356977,-0.00607620787125413,0.15643867399234,0.167802046032856,0.162514881863594
"428",428,176,0.982735387611966,0.0880858518089039,0.0903872627005483,0.0201008831358469,0.0023014108916444
"429",429,176,0.00038091060948533,-0.0157643555247802,0.35961237798899,0.398022333635905,0.37537673351377
"430",430,176,0.381532675342956,0.0695463826214796,0.158853623901977,0.10728884915214,0.0893072412804976
"431",431,176,0.507804779142103,-0.00920411054460913,0.0585064794921378,0.0111621924645552,0.0677105900367469
"432",432,176,0.0848806274499101,-0.0642893007590168,0.128044907048356,0.0366922629960094,0.192334207807373
"433",433,176,0.0442838746637976,-0.0350142303806914,0.173888113273954,0.157738000487733,0.208902343654646
"434",434,176,0.00343683737436479,-0.113476671305983,0.196892614541577,0.132092102652459,0.31036928584756
"435",435,176,0.00130400230375286,0.0531303993527641,0.410483254192161,0.569929418398781,0.357352854839397
"436",436,176,0.00889236090663087,0.0428259291406788,0.327578054472591,0.369306030468125,0.284752125331912
"437",437,176,1.43155244457045e-05,-0.0525041870519042,0.434132976312985,0.385505914280224,0.48663716336489
"438",438,176,0.0168104384546972,-0.0477594324617695,0.199085635216648,0.195162673756608,0.246845067678418
"439",439,176,0.0112745454792779,-0.092443128370706,0.177069926978395,0.167079443867284,0.269513055349101
"440",440,176,0.0171816152635929,0.0462375414003678,0.310277931319535,0.446045181998292,0.264040389919167
"441",441,176,0.052105879837322,0.129796612889578,0.338776517453346,0.329134045761186,0.208979904563768
"442",442,176,0.00404486465885884,-0.0556480509966612,0.253227492493009,0.28619181284386,0.30887554348967
"443",443,176,0.824179806761737,0.0349270223991325,0.0596752250462309,0.0817967133667042,0.0247482026470985
"444",444,176,0.0221854089095836,-0.0802125182882759,0.174390890702049,0.232295842561849,0.254603408990325
"445",445,176,6.00884613969088e-11,-0.0449539577329165,0.662217380773635,0.622753473674359,0.707171338506551
"446",446,176,6.22237032689649e-06,-0.0397615366853964,0.47480778922293,0.464542978525636,0.514569325908326
"447",447,176,4.71011002412476e-05,-0.00130057163694355,0.444095361100701,0.381105110467286,0.445395932737645
"448",448,176,0.205938924084864,0.165326037285253,0.301144161545894,0.241305260558201,0.135818124260642
"449",449,176,0.914721080791506,0.0720946897049185,0.0841151488308363,0.077034150587601,0.0120204591259178
"450",450,176,4.29535549067600e-09,-0.0736228504842367,0.586679432286689,0.46458056304783,0.660302282770926
"451",451,176,1.48600316567147e-06,-0.102190982020798,0.430464454282003,0.404671393740138,0.532655436302801
"452",452,176,2.62586819773266e-07,0.0684002495622708,0.6199053515398,0.691658984664529,0.551505101977529
"453",453,176,0.00409355820167803,-0.128471532177609,0.208206726008679,0.297461431193038,0.336678258186288
"454",454,176,0.00678049248721555,-0.0814769173582752,0.192405487608625,0.195233048164003,0.2738824049669
"455",455,176,0.0189974490003401,0.00621301640267378,0.261638094948933,0.239828104190153,0.255425078546259
"456",456,176,6.61806853063296e-09,-0.13078621485248,0.496028091398636,0.535813413973167,0.626814306251116
"457",457,176,0.268731078858106,0.168067511510398,0.28661616838502,0.309692335176289,0.118548656874622
"458",458,176,5.15308018330247e-05,-0.0273420613737477,0.395898041980559,0.409956416304976,0.423240103354306
"459",459,176,0.616567613690584,0.0104918171520011,0.0633683811243547,0.0845100646385099,0.0528765639723536
"460",460,176,0.0163379611157145,0.011817119520609,0.26472549868941,0.349178890937304,0.252908379168801
"461",461,176,2.8624280620189e-05,-0.207311937445942,0.259967662867866,0.284432584283962,0.467279600313808
"462",462,176,0.245109131093231,0.106468469184008,0.235650080786687,0.357174865634038,0.129181611602679
"463",463,176,0.0248415650579644,-0.0689166135162837,0.166241767597467,0.0898950182101243,0.235158381113751
"464",464,176,5.50855792287424e-09,-0.0543828254056885,0.575339583591542,0.581182408084113,0.629722408997231
"465",465,176,0.35247788037559,0.0174912241968685,0.115554609830372,0.237549256022259,0.0980633856335039
"466",466,176,0.556679951780796,0.0894641996677389,0.157473683755275,0.146517633504418,0.0680094840875363
"467",467,176,0.0169578221177094,-0.0304078941019804,0.218277347605669,0.293724732988891,0.248685241707649
"468",468,176,0.121994048924508,0.0954235047096054,0.267233701576443,0.298743465028069,0.171810196866838
"469",469,176,0.16391824599816,-0.0782583754976773,0.0666610130568676,0.014751205337053,0.144919388554545
"470",470,176,0.000961085848814911,-0.0789120664309685,0.269740956424864,0.284158528492528,0.348653022855833
"471",471,176,0.342150912302467,0.0183462493042678,0.11764294259177,0.00169681135651158,0.0992966932875026
"472",472,176,3.70745211486016e-06,0.0577069042872219,0.566763102354299,0.459158284927609,0.509056198067077
"473",473,176,0.068107926143408,-0.0462906085700195,0.147623885993854,0.188447037867983,0.193914494563874
"474",474,176,0.655812982092593,0.0892863543161925,0.0401208684833384,0.0355375240721653,-0.0491654858328541
"475",475,176,1.35781240285276e-10,-0.241102532794783,0.444691243945314,0.452032441230793,0.685793776740097
"476",476,176,0.261863241697369,0.141820818140426,0.264453029753802,0.143912142387674,0.122632211613376
"477",477,176,0.17027106833151,0.0237198595782758,0.174334955737763,0.115748339726018,0.150615096159487
"478",478,176,0.0267996711083536,0.0235428477379698,0.270696121414084,0.264043993548832,0.247153273676115
"479",479,176,2.48654551189516e-11,-0.0336342857097207,0.729496807592893,0.658830758792232,0.763131093302614
"480",480,176,0.170963323630943,-0.112144601112296,0.034205942226865,0.0171719904131852,0.146350543339161
"481",481,176,6.49439137886948e-08,-0.0433747124430942,0.557508941276027,0.428776783174379,0.600883653719121
"482",482,176,1.04348286438514e-07,0.00618127792978611,0.550762395759722,0.324271601254676,0.544581117829936
"483",483,176,0.0199873674208414,-0.083126990268843,0.150790020704217,0.119439475785808,0.23391701097306
"484",484,176,0.471919444670218,0.081171693338174,0.15790488070813,0.0670302533212629,0.0767331873699561
"485",485,176,0.0583823443444852,-0.102607716948271,0.113953182687634,0.0279607572104422,0.216560899635905
"486",486,176,0.0251686291366122,0.112339550337712,0.35475274150069,0.400936840308151,0.242413191162978
"487",487,176,0.702092421931839,0.017974228858166,0.0566670918458048,0.0353838595937925,0.0386928629876388
"488",488,176,0.000328579963885741,-0.0534173535040642,0.336759443342855,0.334889380258902,0.390176796846919
"489",489,176,0.000110732593461119,0.0578579949498545,0.480573050040441,0.397966925810159,0.422715055090587
"490",490,176,0.00244314306681675,0.0546068388137882,0.395644172843585,0.324263966620502,0.341037334029797
"491",491,176,0.192338841315584,-0.0396716572969894,0.101362287563809,0.176735244310565,0.141033944860799
"492",492,176,0.0266236075427678,0.0486796309591814,0.263213413825279,0.282380071019403,0.214533782866098
"493",493,176,0.197345572404586,-0.0109090740405184,0.124696441220222,0.155713965946469,0.13560551526074
"494",494,176,0.174034274073576,-0.0308789783515263,0.116290826757292,0.140923860813943,0.147169805108818
"495",495,176,0.0162985489468112,0.148950662972591,0.407318178107828,0.479615957231809,0.258367515135237
"496",496,176,0.708096602090347,0.00942306091211322,0.0501227721959182,0.0464226297002188,0.040699711283805
"497",497,176,0.14637248472741,0.0196480384858947,0.174649455050607,0.182718070264666,0.155001416564713
"498",498,176,0.000854440293283709,-0.0699971032602752,0.282345784632786,0.40286195062049,0.352342887893062
"499",499,176,0.0179900917888329,0.0405694894121183,0.291663220085635,0.176760960775971,0.251093730673516
"500",500,176,0.0188867433623997,0.0462523456824735,0.307927506179371,0.413772929385322,0.261675160496897
"501",501,176,0.00101271907055897,-0.137921494460612,0.221457218201418,0.260193054716901,0.35937871266203
"502",502,176,0.276221358380034,-0.0156931281815692,0.103310160737702,0.0409090846668591,0.119003288919271
"503",503,176,0.00049961134427976,-0.0547794038186651,0.313710255209754,0.343776036510177,0.368489659028419
"504",504,176,0.00355665733609017,-0.0505882793120309,0.261924678785034,0.218868176585646,0.312512958097065
"505",505,176,3.27875822157835e-05,-0.00945949328274115,0.427490394833779,0.345083204024911,0.436949888116521
"506",506,176,1.0796817525434e-05,-0.0368150180416078,0.44270700692459,0.370624197327537,0.479522024966197
"507",507,176,1.02987828387457e-10,-0.0364378532799725,0.617796528773704,0.679361919688133,0.654234382053676
"508",508,176,0.982771638988507,0.208686252392771,0.2108657406595,0.251455516647963,0.00217948826672917
"509",509,176,0.507189491776465,0.130925919351522,0.199986779089976,0.234548511678818,0.0690608597384545
"510",510,176,6.24433260419864e-06,-0.0863033533411753,0.389992879667452,0.155848142249058,0.476296233008627
"511",511,176,4.3373721592096e-07,-0.12102893151041,0.44499183364536,0.407429362283145,0.56602076515577
"512",512,176,1.18219072440111e-11,-0.14655584487249,0.580333728783186,0.501952674930137,0.726889573655676
"513",513,176,7.66540783429732e-06,-0.174999487982895,0.297189444115225,0.221160666765904,0.47218893209812
"514",514,176,0.736397009539302,0.027977050083313,-0.0101697274257046,0.072846623630007,-0.0381467775090175
"515",515,176,3.15049947446145e-05,0.0724407004245694,0.525156672386943,0.569198947001354,0.452715971962373
"516",516,176,0.127820495572234,-0.126693413074039,0.0337234816391947,0.00759021399140722,0.160416894713234
"517",517,176,0.00620430314757914,0.0744997910369787,0.351358892837309,0.257243692551091,0.27685910180033
"518",518,176,0.0402195911829936,-0.00458061195233352,0.221033297248348,0.245331200395617,0.225613909200682
"519",519,176,1.64558451587735e-05,-0.0448223128106366,0.447999869473857,0.36479852980705,0.492822182284493
"520",520,176,0.088097585135818,0.137249762774978,-0.0553328361544744,0.0390329362714885,-0.192582598929453
"521",521,176,0.00595119812525794,-0.141573599925933,0.151098384102559,0.127446465692422,0.292671984028492
"522",522,176,2.60658798558882e-10,-0.00986473141467333,0.670347513252969,0.761814814511902,0.680212244667643
"523",523,176,0.000375823950451731,-0.0740453017159144,0.293366450935557,0.368158302211596,0.367411752651471
"524",524,176,0.00407945085288746,-0.0515319911497033,0.255044403459907,0.233279326344485,0.30657639460961
"525",525,176,0.246480419686286,0.0867608952198887,0.20996569675307,0.131081788763325,0.123204801533181
"526",526,176,0.0293998452445351,0.0862990545623743,0.306272310171264,0.260660140107045,0.21997325560889
"527",527,176,0.198131794793961,0.0364556385804595,-0.100112509504358,0.0209681456704107,-0.136568148084818
"528",528,176,0.697827388799461,0.101254206689913,0.143179618763661,0.221001355314779,0.0419254120737477
"529",529,176,0.21125080987401,0.0157297921089547,0.147360439002012,0.0846359438703271,0.131630646893058
"530",530,176,0.155581235226891,0.251271137336625,0.41674976176351,0.413073259261346,0.165478624426884
"531",531,176,0.0228087317544632,-0.117466447713837,0.115077951794568,0.0229262726634944,0.232544399508405
"532",532,176,0.000518834432730588,0.0870158701988421,0.443304207256938,0.505246635033433,0.356288337058096
"533",533,176,0.00415705416799488,-0.0432828159548191,0.265345681617434,0.269494113796922,0.308628497572253
"534",534,176,0.334150196850145,0.0791152526171251,0.181767830526343,0.210105242803426,0.102652577909217
"535",535,176,0.545681148505989,-0.0373211057844816,0.0256426421287819,0.00618078915684893,0.0629637479132635
"536",536,176,0.00240131670809366,-0.0504142092090073,0.254612221631008,0.245456316609479,0.305026430840015
"537",537,176,9.06153829821423e-05,0.1291777979298,0.550008422053233,0.649372646739105,0.420830624123433
"538",538,176,9.71255939196415e-05,0.0116957772119625,0.414551478682691,0.391873711485876,0.402855701470728
"539",539,176,0.106909840661124,-0.0190260502017145,0.155840516957763,0.132050211850571,0.174866567159477
"540",540,176,0.110179812614012,0.0396920609300252,0.214212986569697,0.244555979911405,0.174520925639671
"541",541,176,0.0452456704700896,-0.0209191878908936,0.21531631841118,0.192930113068791,0.236235506302074
"542",542,176,2.4091485293742e-05,0.0103978500629057,0.493153813963647,0.466300440775482,0.482755963900741
"543",543,176,0.00123550174317126,-0.0513808496046184,0.279434189652726,0.331453619657685,0.330815039257344
"544",544,176,0.890481112812361,-0.00938413658138819,0.00660968739104317,0.0299929439832727,0.0159938239724314
"545",545,176,0.00290647161035448,-0.055392602266716,0.270566846874238,0.347728067254041,0.325959449140954
"546",546,176,5.27291291312091e-07,-0.0944342378739414,0.4612416342641,0.568927710534918,0.555675872138042
"547",547,176,0.00908307719716458,-0.0672024854321917,0.238101401613277,0.221145267466043,0.305303887045468
"548",548,176,0.000160459744920723,0.142629232122879,0.55315786752321,0.522097807559007,0.410528635400331
"549",549,176,4.57501887197007e-09,0.00386874611874605,0.61952393492017,0.595795021941808,0.615655188801424
"550",550,176,0.000641491123804453,0.00678001205747682,0.364014647548582,0.263422320687272,0.357234635491105
"551",551,176,0.592104840161841,0.0397108282477887,-0.0170731206013295,0.145334803752744,-0.0567839488491182
"552",552,176,0.00846484102875972,-0.059599771520502,0.216573771390686,0.19884377333114,0.276173542911188
"553",553,176,0.00762761240597822,0.0472117389960785,0.322599708109836,0.406495443168282,0.275387969113758
"554",554,176,0.95969633147513,0.082848323421421,0.077517679095377,0.147779874167666,-0.00533064432604395
"555",555,176,0.0837241520912941,-0.0163882928105513,0.163704114813136,0.154275176151244,0.180092407623687
"556",556,176,0.0362893052042292,-0.0233011843941556,0.208134415139386,0.361759077712957,0.231435599533542
"557",557,176,1.00174781413364e-07,-0.0345697229337008,0.534538007308464,0.364538065237186,0.569107730242165
"558",558,176,1.04828848886953e-05,-0.0735496348207154,0.406614920348427,0.309526947250999,0.480164555169143
"559",559,176,4.49374650680334e-06,-0.119683364480819,0.348891827903574,0.375088149015609,0.468575192384393
"560",560,176,9.51041755394493e-06,-0.0261871996614764,0.420049595759784,0.472461321775288,0.44623679542126
"561",561,176,0.951979291340309,0.0350416752058761,0.0412668582775426,0.127757347744936,0.00622518307166649
"562",562,176,0.511806320361408,0.0380373085144735,0.11303760345364,0.0674588252487556,0.0750002949391668
"563",563,176,6.80297084777739e-12,0.0951406988869116,0.82728371077044,0.724949070942214,0.732143011883529
"564",564,176,0.00254541736226954,-0.0342460273915527,0.287688034178804,0.281705968922157,0.321934061570357
"565",565,176,0.0611492406191233,0.0159700015053137,0.222537573053193,0.329870902696266,0.206567571547879
"566",566,176,0.722623406958803,0.0996726718617535,0.139488926156385,0.21138865410343,0.0398162542946311
"567",567,176,0.00125621709720265,-0.133835313246693,0.209805069995052,0.0701445741078103,0.343640383241745
"568",568,176,0.331539918788878,-0.063215838763157,0.0374886545991986,0.148994376955422,0.100704493362356
"569",569,176,0.603565366162177,-0.0368549251959324,0.0174378121947487,0.0294394718898824,0.0542927373906811
"570",570,176,0.673788750987732,-0.0455415829286435,-0.0921600977040631,0.014157665734151,-0.0466185147754196
"571",571,176,0.99220956507986,0.0984947966231582,0.0994991234628572,0.222055263414667,0.00100432683969898
"572",572,176,0.00839109696392801,0.0577669990971598,0.352197912585841,0.408562369173312,0.294430913488681
"573",573,176,4.64276383019677e-11,-0.0640497663664999,0.677760059119684,0.665393910389586,0.741809825486184
"574",574,176,0.0956118160897815,0.113406959066044,0.291662050768412,0.190655935480565,0.178255091702368
"575",575,176,0.495575693043594,0.0305288162250833,0.0995361878384651,0.205969274996893,0.0690073716133818
"576",576,176,0.164232163025191,-0.0143896769859027,0.137074756236192,0.31402191205826,0.151464433222095
"577",577,176,0.0794666369571432,0.00590467378199698,0.205924633391529,0.32328860439596,0.200019959609532
"578",578,176,0.0632446817408065,-0.0777889281592089,0.113955343401695,0.0874361982248725,0.191744271560904
"579",579,176,0.188875717902842,-0.0692723415838184,0.0698108033244609,0.00568460667247425,0.139083144908279
"580",580,176,0.00832081811143856,0.0368792605802332,0.319427046897206,0.363108856887323,0.282547786316973
"581",581,176,0.214317834102765,0.0553510030178198,0.187015830708173,0.146520272394965,0.131664827690353
"582",582,176,0.00366032699056504,-0.0158234910703458,0.313399555900932,0.251482875253397,0.329223046971278
"583",583,176,0.000350806457928787,0.00209639310071031,0.359671871589713,0.334098028417973,0.357575478489003
"584",584,176,0.371296607152755,0.0957536045506511,0.193922230843834,0.161499564773132,0.0981686262931824
"585",585,176,0.940950641773864,0.0538123823051501,0.0618658480259123,0.0433553849509909,0.00805346572076223
"586",586,176,0.634977979072084,0.106308684217259,0.0562588294720825,0.133463783180938,-0.050049854745176
"587",587,176,0.0119870187921009,0.00860030610363312,0.28022694280032,0.222606984099022,0.271626636696687
"588",588,176,0.0777336633206912,-0.0124173124728868,0.180053288163234,0.197745500858824,0.192470600636121
"589",589,176,0.272078812928976,-0.084070325770299,0.0282844874309552,0.00158279267906423,0.112354813201254
"590",590,176,0.0422860224141479,0.110603470624818,0.32299147198123,0.338579572073569,0.212388001356412
"591",591,176,0.0123733904143654,-0.0513012890515997,0.225139825634377,0.243496782023504,0.276441114685977
"592",592,176,1.81173517448983e-06,0.0147068697919039,0.537632125926024,0.474271105722107,0.52292525613412
"593",593,176,0.0107224663057142,0.078997864520042,0.356311817605402,0.179991674647442,0.27731395308536
"594",594,176,0.965729843676226,0.11261095661162,0.108052866544921,0.0489090366838443,-0.00455809006669915
"595",595,176,0.155946166061181,-0.0708419855879015,0.0747454490148666,0.224043290409164,0.145587434602768
"596",596,176,1.94084669430153e-06,-0.0474343635153354,0.514069366467087,0.490598078872065,0.561503729982422
"597",597,176,2.06231967936771e-08,-0.0162600070859337,0.553812857105794,0.438441362877267,0.570072864191728
"598",598,176,0.0460742219267625,0.022449709491121,0.249617036608166,0.19514741677699,0.227167327117045
"599",599,176,0.0958386347866963,-0.00919890473046756,0.157742023422291,0.0274902105339393,0.166940928152758
"600",600,176,1.68508135179682e-06,0.0413481148049015,0.531981756637786,0.460359511280748,0.490633641832884
"601",601,176,0.123553095513648,-0.114611330970174,0.0498038104569497,0.0705237362637424,0.164415141427124
"602",602,176,0.0233065253390257,0.089489260518644,0.343366647413723,0.250741738774552,0.253877386895079
"603",603,176,0.000177741161251076,-0.0139410443442691,0.372646330850879,0.307893037542965,0.386587375195148
"604",604,176,1.03919096178653e-06,0.0895065781330678,0.634013463238444,0.633690817361002,0.544506885105376
"605",605,176,0.00830493371483218,0.0081867324693756,0.283922418458778,0.272059639817684,0.275735685989403
"606",606,176,3.08911783542699e-06,-0.018448256561517,0.482502010808229,0.560640376815604,0.500950267369746
"607",607,176,0.854720796563942,0.0392389995109149,0.0193121121841154,0.232912948900208,-0.0199268873267994
"608",608,176,0.00299574376523088,-0.00220205946110777,0.314393845070675,0.244903193998664,0.316595904531783
"609",609,176,0.604377871350275,0.0227210449361031,0.0791224622191232,0.0295514717285092,0.0564014172830202
"610",610,176,0.613778058627666,0.134752809116911,0.0802163901994314,0.209797371370736,-0.0545364189174798
"611",611,176,0.00152820697596866,-0.0101558678377195,0.323072699141295,0.34017717605615,0.333228566979014
"612",612,176,0.376699971999505,-0.0198537583743445,0.0727731345582027,0.102778094446875,0.0926268929325472
"613",613,176,0.00149437307736385,-0.0567755340189777,0.25457519506938,0.241568261058161,0.311350729088358
"614",614,176,9.15709163345617e-08,-0.0399303337467053,0.586605643137927,0.422096773398404,0.626535976884632
"615",615,176,1.9167416845262e-08,-0.114328860716238,0.492085449138632,0.509801636176682,0.606414309854869
"616",616,176,0.0438583883688025,-0.0264616339099028,0.179382097844012,0.156600236646374,0.205843731753915
"617",617,176,0.180455852491572,-0.0970553486634714,0.0503689453178143,0.00658537821636098,0.147424293981286
"618",618,176,0.47924343952833,0.0522555336899527,0.126241069846616,0.203965702653559,0.0739855361566635
"619",619,176,0.137525487833427,0.0670674188764895,0.222563931195956,0.230310429591982,0.155496512319467
"620",620,176,0.345971316618648,-0.0206147925096042,0.0789062725409531,0.137613812122573,0.0995210650505572
"621",621,176,0.810106101331342,0.0545080633628601,0.0825701568734694,0.0239964635648301,0.0280620935106094
"622",622,176,0.00553309430979941,-0.024873897196904,0.258084005291231,0.305874597763127,0.282957902488135
"623",623,176,1.56648348985472e-06,0.0438620357632467,0.551475890164611,0.499545164503139,0.507613854401365
"624",624,176,1.88742442423073e-07,-0.0100194845739487,0.540999423614832,0.479513556599398,0.55101890818878
