"","rep_no","totalN","p_value","mean_control","mean_treatment","ES_true","d_emp"
"1",1,52,0.00603057761768398,-0.514621856782372,0.113444780536773,0.211504270562103,0.628066637319146
"2",2,66,0.0345750634211029,-0.082976819689325,0.297855801407664,0.268436488762072,0.380832621096989
"3",3,110,0.00905350578773664,-0.00315408822350804,0.349695207747066,0.263161559308633,0.352849295970574
"4",4,88,0.0105136884054353,0.0890802397016865,0.504594461026427,0.48753694717667,0.415514221324741
"5",5,80,0.119456597400763,0.15435009465421,-0.109430887293847,0.0360824347372873,-0.263780981948057
"6",6,66,0.836384366037951,-0.0160740873969562,0.0187051682495471,0.0104722152001855,0.0347792556465033
"7",7,66,0.231724670052208,0.0517405605892516,0.250989612876038,0.369199942698631,0.199249052286786
"8",8,74,0.317779539319134,-0.0859872627719205,0.08373009814022,0.086871731476157,0.169717360912141
"9",9,34,0.00174541396783373,-0.358505715669374,0.489855939090942,0.0842323724581724,0.848361654760316
"10",10,90,0.102341677011021,-0.114560267175893,0.113155924809301,0.00742522127832521,0.227716191985194
"11",11,94,0.0112320413051799,-0.146119456645601,0.245471842078634,0.258687328430503,0.391591298724236
"12",12,122,0.939627486077041,-0.00419438932488378,0.00648725973216375,0.0868274299907726,0.0106816490570475
"13",13,200,0.650920056765418,0.172409305220811,0.215524304853509,0.0781395488633735,0.0431149996326975
"14",14,88,0.238696512723188,0.182428596831131,-0.0102230377975379,0.068069118526932,-0.192651634628668
"15",15,34,2.60618878293218e-06,-0.180145585778082,0.843532405877576,0.783562336233869,1.02367799165566
"16",16,58,5.94528808479722e-05,-0.155423401871065,0.665314855988913,0.601914402728814,0.820738257859978
"17",17,118,0.0176034677021327,-0.00293359175244894,0.316777898002743,0.24548703511142,0.319711489755192
"18",18,146,0.203286206346546,-0.0010618879958338,0.147347044096123,0.102645430265969,0.148408932091956
"19",19,16,0.0124328497861305,-0.618821456752345,0.169810685519144,0.422175952829561,0.788632142271489
"20",20,46,0.214941063280923,0.0675515684687254,0.349240692433713,0.0859751476513363,0.281689123964987
"21",21,44,0.885082120081592,0.0283467350293557,0.0579947019063345,0.261946096495886,0.0296479668769789
"22",22,74,0.442961913348634,0.152444652342697,0.0278945380749099,0.00835377179268735,-0.124550114267787
"23",23,38,0.289037628877912,-0.124996788194589,0.13571787561585,0.157998974322704,0.260714663810439
"24",24,32,0.0555973082107237,-0.0274763460403227,0.459002621374824,0.31549428991723,0.486478967415147
"25",25,184,0.017570243323977,0.100113323810684,0.340586638992858,0.329417784748158,0.240473315182173
"26",26,36,0.185012157824289,-2.08127777994238e-05,0.307488058923121,0.312496357877107,0.307508871700921
"27",27,112,0.284212674522647,0.100270601744786,0.247053999436973,0.176652040703212,0.146783397692187
"28",28,42,0.851065978063482,0.197182472101052,0.237328640576857,0.34330165031208,0.0401461684758058
"29",29,50,0.00651342733378939,0.061498066960353,0.585141775810046,0.419455337678809,0.523643708849693
"30",30,186,0.0574666615779681,0.0555833197542776,0.252483476999484,0.296567103584991,0.196900157245207
"31",31,62,2.033458419019e-07,-0.333696200213421,0.732022076421744,0.684952709891191,1.06571827663516
"32",32,54,0.219466260641773,0.0119483756122133,-0.201633306121164,0.147022842553415,-0.213581681733378
"33",33,60,0.0112890048492623,0.151117990265044,0.621362005649981,0.576589240634985,0.470244015384937
"34",34,24,0.346352337544129,-0.137285743337369,0.139015905283072,0.203041526041295,0.276301648620441
"35",35,132,0.288012114478847,-0.137596419466974,-0.00361359111806564,0.0550771172532645,0.133982828348908
"36",36,138,4.64169432233376e-05,0.011267266199236,0.535207477304213,0.414970968928161,0.523940211104977
"37",37,192,0.0193972613108645,0.0719727784947648,0.300187932381042,0.19380035790271,0.228215153886277
"38",38,200,0.416119399239103,-0.0641937977132791,-0.144021246256699,0.000277744937461775,-0.0798274485434199
"39",39,72,0.0534398313023559,-0.00335182603052962,0.355394929122921,0.388158724486354,0.35874675515345
"40",40,48,0.0331746378724113,-0.0110164740139109,0.425163688816907,0.275152376811126,0.436180162830817
"41",41,56,0.448534435292237,0.0572462934225495,0.195919907596268,0.102436015191599,0.138673614173718
"42",42,60,0.00551556154903566,-0.254306106257865,0.243067027447906,0.449434522890027,0.497373133705771
"43",43,46,0.00231567586862294,-0.073720158972596,0.567950977950923,0.568920510387089,0.641671136923519
"44",44,90,0.0102474035160895,0.0543834246546189,0.419381132297402,0.295934253707211,0.364997707642783
"45",45,48,0.402347039264358,0.0410291587998624,-0.110639121201694,0.112513329001702,-0.151668280001556
"46",46,142,0.474572406947457,-7.6392554500772e-05,-0.0866345988891417,0.0367728899508223,-0.0865582063346409
"47",47,28,0.309732441307923,-0.128999213543013,0.143180146630361,0.0868126259185198,0.272179360173375
"48",48,84,0.502938041275313,0.159977365141358,0.0449624041340993,0.120809752073232,-0.115014961007259
"49",49,52,0.809250197831965,-0.0290867798634228,0.0214625387695214,0.116236235437942,0.0505493186329442
"50",50,68,0.0537623051355367,0.0530035916580412,0.37843286875869,0.238619452932851,0.325429277100649
"51",51,72,0.064029085229945,0.127439870836259,0.468721911142735,0.329975760258541,0.341282040306476
"52",52,76,2.32717198608258e-07,-0.227707422627383,0.604653568699942,0.466320342396032,0.832360991327325
"53",53,66,0.106362791881888,0.0348938856403137,0.31552937984079,0.331424052669077,0.280635494200477
"54",54,60,0.00920180957581378,-0.0625648417121471,0.40910838648028,0.382450719074148,0.471673228192427
"55",55,200,0.000209602212600881,-0.0952245715830473,0.266829828449317,0.291552869205393,0.362054400032365
"56",56,28,0.395358432438245,-0.0968072166980238,0.127264428816438,0.1255399799946,0.224071645514462
"57",57,28,0.0519226766855255,-0.136244512774259,0.413234855335424,0.339202858778836,0.549479368109683
"58",58,106,2.40323233378798e-07,-0.155055142844323,0.620338139474128,0.571869492205878,0.775393282318451
"59",59,18,0.791336790283235,0.125232140832254,0.02139958919424,0.111076277509596,-0.103832551638014
"60",60,110,0.26670328513696,0.18609211904279,0.0457806006835799,0.0834544049375043,-0.14031151835921
"61",61,24,0.0288027427489701,-0.533081678763246,0.0914109357913948,0.285323859877422,0.624492614554641
"62",62,78,0.0579468447560189,-0.0721753159057718,0.233935483744515,0.399534179829555,0.306110799650286
"63",63,128,0.0316909128354554,-0.0972259652719749,0.155197750808488,0.095537281238017,0.252423716080463
"64",64,76,0.290281266872802,-0.0243404160361833,0.160415120290144,0.108907461311042,0.184755536326328
"65",65,112,0.00705597571068365,-0.0848378817765959,0.293359896454991,0.273993818407981,0.378197778231587
"66",66,52,0.0565707412463229,0.0643503000780499,0.462923678836684,0.44787828966004,0.398573378758634
"67",67,200,0.0969171715986204,0.037323165066396,0.200454093009723,0.131137002253654,0.163130927943327
"68",68,40,0.666604852705541,0.0708593565707408,0.169858635671737,0.319936679863233,0.0989992791009959
"69",69,124,0.0400544861713641,-0.102801827014752,0.149616510410034,0.169373798297933,0.252418337424787
"70",70,128,0.00186628229447052,-0.0654377455651081,0.336711821383098,0.241001933981878,0.402149566948206
"71",71,24,0.0219870831651323,0.141669714205757,0.859357346772067,0.40251545985248,0.71768763256631
"72",72,44,0.743777075038214,-0.0249302075380744,0.044321907094648,0.126618127139728,0.0692521146327225
"73",73,24,0.205402920841428,0.292810846939202,-0.0638498056566984,0.148033010929826,-0.3566606525959
"74",74,62,0.000136397447732436,-0.213759826802863,0.448738374038329,0.455123466130339,0.662498200841192
"75",75,60,0.137782686520986,0.091973011426926,0.385170231864012,0.340044717635699,0.293197220437086
"76",76,200,4.40197513220408e-06,0.0255560163952379,0.484979171207549,0.340610431617141,0.459423154812311
"77",77,34,0.915868200764778,0.259225207238008,0.284199791827852,0.146394387712147,0.0249745845898448
"78",78,200,0.632509506183932,0.0320336858866406,0.0831007829477609,0.126253083511671,0.0510670970611203
"79",79,50,0.892337729260389,0.097112489870757,0.122258242095729,0.112611890805119,0.0251457522249723
"80",80,30,0.0554388385637083,-0.113335755946737,0.390140091393612,0.373338967660003,0.50347584734035
"81",81,44,0.354665004836688,0.0728142452881468,0.265542011122935,0.289132691386948,0.192727765834788
"82",82,124,0.186769928611662,-0.0585541529866559,0.112725777671163,0.290502156830189,0.171279930657819
"83",83,62,0.0154345004329288,0.183334489662597,0.605753537186838,0.605218048359772,0.42241904752424
"84",84,70,0.0107647495796346,0.095421329798164,0.523833281260363,0.392288100210439,0.428411951462199
"85",85,74,0.111136678689347,-0.0114588718670207,0.247116179292208,0.348856039333041,0.258575051159228
"86",86,102,0.16273835027428,-0.118603495769876,0.0711819585966791,0.0807867732791507,0.189785454366555
"87",87,88,0.0074434272258156,0.0297203969899961,0.444286374525717,0.445566754654328,0.414565977535721
"88",88,84,0.820853657417492,0.175075807624959,0.138324098307638,0.308302951226836,-0.0367517093173209
"89",89,80,3.74689981866508e-07,-0.179951987990714,0.596213935990882,0.576048165161736,0.776165923981595
"90",90,86,0.410816809730363,-0.0998458589009737,0.0243006217095243,0.153641707992036,0.124146480610498
"91",91,144,0.509569075972044,0.0131262054670704,0.0941548502438557,0.148407825668123,0.0810286447767853
"92",92,66,0.443944885411964,0.131374723027699,-0.00816981111983744,0.070844700760634,-0.139544534147537
"93",93,24,0.341212878847761,0.204448496977428,0.478048110074883,0.508348972233802,0.273599613097455
"94",94,36,0.710697763595052,0.0989113199035578,0.186277903688211,0.135921850707113,0.0873665837846537
"95",95,42,0.0134093141383267,-0.24456167547903,0.290320931016814,0.500236011268597,0.534882606495844
"96",96,40,0.371620310029047,0.0669334390659536,0.260540406880719,0.252839671018796,0.193606967814766
"97",97,26,0.112436607955651,0.120902513226356,0.557047896867767,0.384051832148749,0.436145383641411
"98",98,88,0.0987190772911076,-0.0967536476392311,0.174734185052226,0.0115929879386013,0.271487832691458
"99",99,96,0.362143858765757,0.0260431692426861,0.16398354281746,0.2185111928997,0.137940373574774
"100",100,100,0.0111049386405248,0.0813322998299307,0.449383223260372,0.559890977952808,0.368050923430442
"101",101,56,0.266760092009965,-0.026202978271871,0.183909921464563,0.324186046581967,0.210112899736434
"102",102,64,0.0873622983118871,-0.155372387089983,0.181981398128775,0.126861048934529,0.337353785218757
"103",103,142,0.000172951428447142,-0.0202408623080197,0.385292503513892,0.212004999216912,0.405533365821912
"104",104,34,0.241723813905727,0.355174082012243,0.0990790933560052,0.0754158985473631,-0.256094988656238
"105",105,200,3.09835796520882e-07,-0.0428881589565415,0.47005009185773,0.513947916869528,0.512938250814271
"106",106,166,0.186822698827726,0.0594633025920252,0.205048958438119,0.286646649940894,0.145585655846094
"107",107,62,0.0714032292515328,0.00245934985450755,0.304699520963886,0.0970631325322804,0.302240171109378
"108",108,32,0.0411325229311727,-0.222185416399326,0.294137066458284,0.00800386593254845,0.51632248285761
"109",109,70,0.0050364696236195,0.0651572675349003,0.551167938747531,0.437875886081665,0.486010671212631
"110",110,134,0.192892725307856,0.246336086316864,0.0849172586899072,0.042310655533446,-0.161418827626957
"111",111,54,0.0646872697329926,0.0830014512118465,0.458065117051548,0.321201202823868,0.375063665839701
"112",112,46,0.00484349428932646,-0.224891680249547,0.274072982986593,0.114366612572511,0.49896466323614
"113",113,54,0.0300131254565859,0.153020236529428,0.568682914423438,0.530332034750166,0.41566267789401
"114",114,34,0.232710791744183,0.0685886932356278,0.398516297838693,0.553801596752371,0.329927604603065
"115",115,32,0.293784264541144,-0.298007188807619,0.000420598661183403,0.120203900120141,0.298427787468803
"116",116,200,0.0901057977483866,0.0584515086689033,0.226389273496868,0.109658145036214,0.167937764827965
"117",117,36,0.0202808811715077,-0.212164700115767,0.332517364622592,0.270067220976987,0.544682064738359
"118",118,70,0.0123945219742226,-0.0249261788301064,0.435888769594416,0.255127140056543,0.460814948424522
"119",119,148,0.514811654275861,0.0845740333442433,0.15554230643487,0.0552666443914376,0.0709682730906267
"120",120,46,0.0141905469382237,-0.0549462665312003,0.508192629149745,0.482600267225902,0.563138895680945
"121",121,86,0.310157933164215,-0.0267314169804202,0.13617633009103,0.114917494225776,0.16290774707145
"122",122,58,0.617182355204365,0.227610501733577,0.13094937123273,0.36498026065745,-0.0966611305008468
"123",123,20,0.00494875769552372,-0.25006746462805,0.614424364184557,0.738949554985209,0.864491828812607
"124",124,42,0.965594589044503,0.0696097715737096,0.0586830188973192,0.0178764015395308,-0.0109267526763904
"125",125,136,0.727725545358429,-0.0226592015143278,-0.0681471836977598,0.102203788110068,-0.045487982183432
"126",126,60,0.150610692005852,0.0516459472440942,0.33064964314993,0.292551753522348,0.279003695905836
"127",127,40,0.420130948214933,-0.0867637040428986,0.112373321475303,0.157683692557285,0.199137025518201
"128",128,96,0.140916547581132,-0.0651250317399292,0.141803352990408,0.109462024644515,0.206928384730338
"129",129,84,0.10138536481378,0.145114592848669,-0.130932050944582,0.0503167945175522,-0.276046643793251
"130",130,44,0.137091466610636,-0.0461707042562449,0.270266695090507,0.0848357903909075,0.316437399346752
"131",131,26,0.0142198517327777,0.00247217501394106,0.568493414485678,0.57878048642622,0.566021239471737
"132",132,62,0.0126959224445431,0.102321921579938,0.527075998277743,0.646811775292767,0.424754076697805
"133",133,200,0.0352653829021422,-0.00701515734026254,0.198648805366542,0.223151309467463,0.205663962706804
"134",134,38,0.141549360267746,-0.0324538561381658,0.331004122109895,0.182132915589063,0.363457978248061
"135",135,70,0.441202853478997,0.136733551232131,0.278821509804318,0.161149639780609,0.142087958572187
"136",136,30,0.000266072147274158,-0.379854058365359,0.755393688101476,0.667211075028338,1.13524774646683
"137",137,80,0.000137102293071155,-0.347177293010784,0.293806025397461,0.359622251737466,0.640983318408245
"138",138,44,0.00270522113489889,-0.00539927958708887,0.606435269049845,0.284772038489428,0.611834548636934
"139",139,200,0.00183505137922351,-0.028811734580122,0.284295977943375,0.233035949680974,0.313107712523497
"140",140,182,0.769197265463594,0.0734482170143372,0.0434430185851276,0.0196342438623317,-0.0300051984292095
"141",141,52,0.00325236680786089,-0.0124405725976977,0.506252381668902,0.435638451886662,0.518692954266599
"142",142,52,0.259423960159972,0.158292266955888,-0.0735981814311759,0.00702475802596138,-0.231890448387064
"143",143,58,0.74148410864654,-0.105891017245446,-0.163599330577662,0.0422372789479896,-0.0577083133322161
"144",144,26,0.385510591382241,0.101073209623941,-0.156030120068498,0.114675432383454,-0.257103329692439
"145",145,188,0.0122881969247826,-0.0718714493298944,0.192184082885465,0.1385542885054,0.264055532215359
"146",146,32,0.0227985590048641,-0.141926753239746,0.433623968607688,0.652999885156546,0.575550721847434
"147",147,198,7.53670706556062e-07,-0.0318511010609533,0.482507156453214,0.487023470533021,0.514358257514167
"148",148,118,0.0303464162841425,0.0931383883982406,0.380108477302793,0.317132470903516,0.286970088904552
"149",149,52,0.000490669780342684,-0.237831434930614,0.470083650083293,0.475609316842942,0.707915085013907
"150",150,80,0.000393810968669501,-0.0700489589611408,0.528916079412323,0.578477737576079,0.598965038373464
"151",151,26,0.0303550607399,-0.0211714891694077,0.60307702200828,0.347281761625218,0.624248511177687
"152",152,48,0.00322179503000037,-0.0491888862216625,0.619333596140229,0.601689968346605,0.668522482361891
"153",153,64,0.0601199793157059,0.127267587687812,0.434889099825843,0.513925319955519,0.307621512138031
"154",154,70,0.965476630180722,0.0600465298647383,0.0527867932572958,0.042173909978452,-0.00725973660744257
"155",155,158,0.251312512456382,-0.0195685517098883,0.107876070909781,0.144989873174913,0.127444622619669
"156",156,34,0.115842471147446,0.587340281368744,0.219368426971724,0.31116459299551,-0.367971854397021
"157",157,110,0.000523242062941749,-0.0299362548173465,0.413149125784809,0.20503891886076,0.443085380602156
"158",158,70,0.353202150189087,0.103240530166038,0.256163726531036,0.320581665816783,0.152923196364998
"159",159,50,0.0711800543488603,-0.189737393808529,0.156379892181076,0.284181330368846,0.346117285989604
"160",160,58,0.00032818311552771,-0.0261381768969998,0.615134210406575,0.530377460222215,0.641272387303574
"161",161,100,0.683566485140757,0.121572096135819,0.182071120332357,0.264364872084059,0.0604990241965382
"162",162,86,0.87111296043789,-0.141639047663266,-0.11703077829706,0.183144929429507,0.0246082693662062
"163",163,200,5.93583012176948e-06,-0.0336469088222456,0.439799069306747,0.39885954323775,0.473445978128993
"164",164,66,0.136598014326205,-0.100089920260371,0.176530120580142,0.169858109587442,0.276620040840512
"165",165,18,0.931348614700906,-0.0785045047550218,-0.101731368550168,0.0787436370355609,-0.0232268637951459
"166",166,84,0.888450461231469,0.068497563738811,0.0872750210107694,0.0153886331353176,0.0187774572719584
"167",167,126,0.00138837772254375,-0.0985739197739541,0.281332625308697,0.234726569728618,0.379906545082651
"168",168,48,5.33388737900932e-05,-0.174873103446715,0.729050618692047,0.640941843994803,0.903923722138762
"169",169,86,0.670769883527163,-0.0119768487030556,0.0543780761327893,0.086269909844734,0.0663549248358449
"170",170,200,0.000887010573217591,-0.0413945536562141,0.27616114118751,0.241783657873771,0.317555694843724
"171",171,106,0.0187294541083666,-0.0976698206501229,0.240182176852131,0.321408149174325,0.337851997502254
"172",172,32,0.126768314948845,0.0920788662027673,0.477115798100738,0.548391407881966,0.385036931897971
"173",173,32,0.777443775291611,0.273689186475751,0.204386777933574,0.251801190943707,-0.0693024085421771
"174",174,90,0.470679384237423,0.222065733906504,0.332547817213617,0.104834487805375,0.110482083307113
"175",175,70,0.356902974837543,0.0896901432791966,-0.0614177831240623,0.047319699653259,-0.151107926403259
"176",176,42,0.0360697344175598,-0.133737652294655,0.350782626009643,0.534577442657658,0.484520278304298
"177",177,44,0.685306195469959,0.0685999198928742,0.151856959819247,0.2884502164226,0.0832570399263727
"178",178,28,0.315444579238949,-0.0266910144352829,-0.228939854343562,0.0863897572761,-0.202248839908279
"179",179,116,0.0268795738624434,0.0493158605605164,0.329299267236152,0.371883328116443,0.279983406675636
"180",180,66,0.102105224971947,-0.151790747493473,0.123242291877794,0.139848248091537,0.275033039371267
"181",181,152,0.134363820383882,-0.0383810323946983,0.129920250262901,0.060407603454489,0.168301282657599
"182",182,114,5.4214761247383e-05,-0.0358727788284936,0.539161385987535,0.486099286770019,0.575034164816029
"183",183,24,0.267863166617699,0.0275583796392445,0.383686078217396,0.513765123221547,0.356127698578151
"184",184,60,0.635291539302336,0.0468279282338419,0.137388596929026,0.301989320109818,0.0905606686951839
"185",185,94,0.000672053611549818,0.286512358059119,0.824252908456458,0.695524007658961,0.537740550397339
"186",186,80,0.153505715747398,0.125457536291876,0.345196298995514,0.382713607771062,0.219738762703637
"187",187,110,0.800731550728198,0.0735797024300526,0.109819797470181,0.259194330961682,0.0362400950401281
"188",188,80,0.000740812696022014,0.235463908913032,0.791806292693629,0.742163927120194,0.556342383780596
"189",189,184,4.40091520486125e-06,-0.0153029069581678,0.458544810000784,0.561855361973171,0.473847716958952
"190",190,34,0.172483889997687,-0.128219705048905,0.167403825491038,0.171000854884278,0.295623530539943
"191",191,78,0.0157521750682081,-0.0702660286835428,0.346750631764433,0.266471122805332,0.417016660447976
"192",192,42,0.72541813580324,0.053765278756134,0.128564353282503,0.11360656759792,0.0747990745263686
"193",193,24,0.00536247608064813,-0.128496632501,0.784638326709416,0.449918808043896,0.913134959210416
"194",194,70,0.127593521674514,-0.201519137429902,0.0592298983650938,0.136932991381409,0.260749035794996
"195",195,124,0.0023501102377267,-0.186378697352851,0.207812693828974,0.329785289570373,0.394191391181826
"196",196,62,0.359978451936971,0.00419182212793718,0.171527484135866,0.0901382549070073,0.167335662007929
"197",197,90,0.0128146152123137,0.00649765471631157,0.413613735565529,0.314574833253384,0.407116080849218
"198",198,72,0.0711782573570029,0.0620997026113369,0.350023777784361,0.262621025205224,0.287924075173024
"199",199,188,0.541240030047988,0.00146997780944096,0.0616953415212855,0.062170030204113,0.0602253637118445
"200",200,22,0.607495605298557,0.188084780441995,0.317072923925115,0.379500908017198,0.12898814348312
"201",201,52,0.0193105128601088,-0.18085670769057,0.312563048285358,0.375743120122205,0.493419755975928
"202",202,94,0.0416069518417232,0.0510111187031185,0.358238990983006,0.161548401731826,0.307227872279887
"203",203,66,0.693548732600588,0.0595801095345043,0.128083013306688,0.050642584720638,0.0685029037721838
"204",204,200,0.212659425540851,0.0311205644017713,0.159611014877638,0.116504386133841,0.128490450475867
"205",205,200,0.741101910996343,0.0873746193132558,0.11993659920548,0.141953029885325,0.0325619798922244
"206",206,28,0.238858312182437,0.166195819790334,-0.147164756804043,0.0865215997582981,-0.313360576594377
"207",207,96,0.00255069321155076,-0.0672976666151367,0.386332593249478,0.27968695366167,0.453630259864615
"208",208,92,0.0309348517073942,-0.0253249395801871,0.327929820211274,0.101373741028755,0.353254759791461
"209",209,76,0.0158968695215457,-0.0895079919983623,0.31441236733612,0.286844056483443,0.403920359334483
"210",210,76,0.805695394339123,0.0883606236270016,0.0476287272410956,0.150355968476907,-0.040731896385906
"211",211,180,0.00530405151080321,0.0354688064565626,0.316482330151768,0.378550130855375,0.281013523695206
"212",212,64,0.00237883610588766,0.0474224464019047,0.6057396333299,0.609311780181032,0.558317186927996
"213",213,54,0.136225889223244,-0.13554409287584,0.149257141825677,0.0586367941561489,0.284801234701516
"214",214,144,0.788374708925852,-0.025457874497627,0.00743948750605456,0.0538817800223624,0.0328973620036816
"215",215,44,0.015781913234664,-0.178790442719658,0.371923767951677,0.32194461648492,0.550714210671335
"216",216,110,0.937924921736277,-0.127787108753491,-0.117784521426056,0.149141314675465,0.0100025873274356
"217",217,88,0.00796969446195876,-0.00543879684586571,0.411070046591492,0.514317119051022,0.416508843437358
"218",218,20,0.0751741402894133,0.0483053573228534,0.724995418756585,0.543850976317459,0.676690061433732
"219",219,70,0.358779788673449,-0.065550156471443,0.0991820061695274,0.210179254586461,0.16473216264097
"220",220,24,0.0425212524164178,0.0155648965631455,0.604823638285503,0.504475273354484,0.589258741722357
"221",221,42,0.413531792228509,0.175706095295623,0.347509573778458,0.140560252414698,0.171803478482835
"222",222,134,0.00667869317507058,0.0310584071648761,0.386138025711933,0.457412471459532,0.355079618547057
"223",223,20,0.23232071152057,0.271238739806034,0.6048945856195,0.660806864785433,0.333655845813466
"224",224,60,0.359355752081013,0.136485726050144,0.297248660727332,0.220552056035252,0.160762934677187
"225",225,60,0.139067043553236,0.239973534854113,0.49980188066554,0.2584581310965,0.259828345811426
"226",226,56,0.273992353638252,0.195968815247681,0.377671543549261,0.404543523112393,0.18170272830158
"227",227,120,0.00353828013097719,-0.0661068323300033,0.319052538366091,0.288656564760598,0.385159370696094
"228",228,118,0.22762092479559,-0.0241697344577377,0.13151574262804,0.225000497242491,0.155685477085778
"229",229,42,0.289316139923198,-0.054986684149648,0.186777093321358,0.1928299258799,0.241763777471006
"230",230,102,0.00475505088148561,-0.234499564624086,0.126840217278808,0.23967586961667,0.361339781902894
"231",231,96,6.8835941926107e-07,-0.107636639358019,0.664527510478558,0.625714064438808,0.772164149836578
"232",232,28,0.0843099790251279,0.0845983158230933,0.581366155992393,0.614759458874367,0.4967678401693
"233",233,24,0.744405201818459,0.00798560768682814,-0.0737001215171382,0.20495275666131,-0.0816857292039663
"234",234,134,0.24293335283014,0.0135777223607158,-0.119514101060631,0.00134140714362397,-0.133091823421346
"235",235,46,0.0826915342098216,0.033680795040551,0.365432343070335,0.411817177638561,0.331751548029784
"236",236,34,0.338505050418732,0.212681437245092,0.449131586774194,0.561581425987143,0.236450149529102
"237",237,80,0.487112325754707,0.108847814090286,-0.0028323137920844,0.0159460449620163,-0.111680127882371
"238",238,36,0.211732605228691,0.151950151444565,0.439170030127628,0.262202747050968,0.287219878683063
"239",239,76,0.808508850123435,0.0107436871299565,-0.0328673468688958,0.0251493677429644,-0.0436110339988522
"240",240,48,0.814046509313225,0.0998718599098817,0.144944828736451,0.335227858264312,0.0450729688265696
"241",241,106,0.00562882957483955,-0.0567333738952925,0.308236655781927,0.206082606560799,0.364970029677219
"242",242,56,0.0388114630334826,-0.0992182204431751,0.280078419601488,0.224306744379155,0.379296640044663
"243",243,52,0.576214851497899,-0.143535695373593,-0.0406125365135386,0.10887521280294,0.102923158860055
"244",244,90,0.136004351486519,0.0524917730662881,0.282404300367066,0.330873885360769,0.229912527300778
"245",245,82,0.204179689001365,0.077571367830314,-0.112811500425489,0.131746266918365,-0.190382868255803
"246",246,172,0.00107173772360751,-0.043951054785165,0.312891725117984,0.311023412675351,0.356842779903149
"247",247,48,0.0377194797678861,-0.111984268327145,0.293015479667132,0.317474022916839,0.404999747994277
"248",248,46,0.00473475912091168,0.0864392135625041,0.698613138418874,0.473146833253466,0.61217392485637
"249",249,26,0.215413133693663,-0.31429710325561,0.0370739712035603,0.108294956872192,0.35137107445917
"250",250,32,0.707489024988337,0.129524609374248,0.230369139114807,0.361688875916802,0.100844529740559
"251",251,76,0.00904936818225173,-0.0390528096048204,0.388856839208529,0.275320508224766,0.427909648813349
"252",252,28,0.160402163329508,0.219520147779168,-0.219805023195069,0.0135504632994947,-0.439325170974237
"253",253,40,0.0177355813654956,-0.161789938870188,0.378152551985133,0.213407235127902,0.539942490855321
"254",254,28,0.058733570520625,-0.144487234355008,0.394299811479486,0.339500277189286,0.538787045834494
"255",255,28,0.53651061497303,-0.0229709351194652,0.146440165163635,0.509664712935787,0.1694111002831
"256",256,62,0.0189237828995327,0.0607275734118763,0.472818982940576,0.367511489693459,0.4120914095287
"257",257,66,0.959215429265673,0.0159526105788974,0.00685767055659978,0.0984011646247674,-0.00909494002229764
"258",258,72,0.326124159270718,-0.169565249648063,-0.00566291188404744,0.0770369567970422,0.163902337764015
"259",259,110,0.0560161148603245,-0.11573069357691,0.169251568288604,0.245892823780405,0.284982261865513
"260",260,34,0.0546865372009767,0.181313846864041,0.627198567422468,0.57120034258743,0.445884720558427
"261",261,28,0.0118270211979534,-0.0343835751387056,0.638339193267502,0.610839505691919,0.672722768406207
"262",262,40,0.324917721704011,-0.0256457892997411,0.21098161425531,0.0867356665432621,0.236627403555052
"263",263,150,0.0168993369802611,0.0133497626139469,0.297341285517717,0.366483605845226,0.28399152290377
"264",264,40,0.4456977585838,-0.0304067993540611,-0.19444560600314,0.0869924392764126,-0.164038806649079
"265",265,82,0.744763350952009,0.0806898441225582,0.0348076496032846,0.068599442727859,-0.0458821945192736
"266",266,94,8.42382432508408e-05,-0.000979725516205042,0.561682412619313,0.55141454270479,0.562662138135518
"267",267,78,0.0555019128282927,-0.0790625064010898,0.220141010924156,0.37698425722341,0.299203517325246
"268",268,200,0.000463353504896073,-0.127800601825523,0.238137702046283,0.23451446829221,0.365938303871806
"269",269,36,0.54725814152465,-0.0342887096128753,0.101618104960257,0.351483296720596,0.135906814573132
"270",270,106,0.30439261519495,-0.0404947826964411,0.109459840123932,0.0856498247254935,0.149954622820373
"271",271,70,0.00150547664922777,-0.0980362772657093,0.445812947939231,0.418555836270963,0.543849225204941
"272",272,28,0.819996351606465,0.0913665528759456,0.020011396982095,0.0932120430780066,-0.0713551558938506
"273",273,52,0.000562190433825016,-0.142527899575135,0.559394821604592,0.552132221868511,0.701922721179727
"274",274,30,0.0787902214436596,-0.0387711638451705,0.385716879974036,0.383935515922946,0.424488043819207
"275",275,38,0.00562531984614265,-0.0444601864792534,0.472001512314866,0.456054670899575,0.516461698794119
"276",276,98,0.493268275662958,0.101499301947492,0.19724659525401,0.0425416748374076,0.095747293306518
"277",277,112,0.0283351551417375,0.0563935055380842,0.350080799700595,0.226739422524202,0.293687294162511
"278",278,62,0.000123987252367297,-0.264088028669115,0.466445391464929,0.349542259916319,0.730533420134044
"279",279,64,0.0103468177614714,0.00382760607621257,0.417805690609982,0.375334568626229,0.413978084533769
"280",280,200,0.98856786350921,0.051452125135038,0.0499765137701864,0.132064846522309,-0.00147561136485152
"281",281,88,0.0147160462634724,0.125676067401125,0.497955508616151,0.351890341756776,0.372279441215027
"282",282,186,0.0749813606588367,-0.0662910585076874,0.118466259870813,0.144600804587785,0.1847573183785
"283",283,94,0.718870910135018,0.0579917075693969,0.108925592741872,0.0990908812770393,0.0509338851724756
"284",284,200,0.00228698615883378,-0.0491581536766268,0.258670880308957,0.356436331962453,0.307829033985583
"285",285,46,0.151447158731177,-0.184416671560831,0.103120188412436,0.144881121795915,0.287536859973268
"286",286,24,0.0072542291943622,-0.27792692203348,0.469692391591386,0.296940193634491,0.747619313624866
"287",287,60,0.000409658126021388,0.0093804971746749,0.665396897792199,0.591487075904604,0.656016400617524
"288",288,46,0.0908931884639145,0.0716921271885524,0.415692428352908,0.529475031277735,0.344000301164355
"289",289,76,0.00927689618156287,-0.0512789252331964,0.38469056133282,0.406727408436687,0.435969486566016
"290",290,40,0.901650272362739,-0.182898057310344,-0.210200496506574,0.10572214331608,-0.0273024391962299
"291",291,38,0.898874633853503,-0.0390714767154179,-0.0110310184568498,0.0143978389805092,0.0280404582585681
"292",292,54,0.405284458293752,0.219752374940467,0.368177551072407,0.32050096659874,0.14842517613194
"293",293,122,1.90894168823682e-07,-0.0322148766560854,0.648551841881443,0.642993173856473,0.680766718537528
"294",294,30,0.452882365661987,-0.111093008521004,0.112290366893783,0.135447002378449,0.223383375414787
"295",295,92,0.583553463568732,0.131512409903463,0.0514754671170288,0.273170741496815,-0.0800369427864346
"296",296,74,0.1823472312402,0.196745060612559,0.425421854772302,0.379066445060676,0.228676794159743
"297",297,108,0.427547334215737,0.117435555780631,0.00973334913415881,0.0285390029774447,-0.107702206646472
"298",298,200,1.77067661220831e-12,-0.158522758103506,0.539794343179444,0.457428449985611,0.69831710128295
"299",299,108,0.000819669892000346,-0.100563248264283,0.363450951216429,0.279315780166176,0.464014199480713
"300",300,78,0.0299199453810103,-0.0851275458545375,0.272166026224733,0.208875440249368,0.357293572079271
"301",301,56,0.874245617678468,0.248040758537784,0.219919046248046,0.123450950979215,-0.0281217122897376
"302",302,32,0.344064400304864,-0.0878183055006071,0.132810060777554,0.00172573426142315,0.220628366278161
"303",303,40,0.0247979752222566,0.0174348956682435,0.544709737356926,0.396217523053075,0.527274841688683
"304",304,68,0.76434611080199,0.0246802218238978,0.0755595666457986,0.086646543284339,0.0508793448219007
"305",305,72,0.00603267790992995,-0.117742271659608,0.365447360565857,0.209825007222547,0.483189632225465
"306",306,146,0.290780692690535,0.186033019738025,0.0580448851613071,0.166333841205214,-0.127988134576718
"307",307,52,0.960084850637205,0.222134832182649,0.233562111233811,0.369122247054028,0.0114272790511622
"308",308,50,0.00288688452280222,-0.18462405082566,0.392854350485194,0.0595901591828136,0.577478401310853
"309",309,32,0.159595213130629,0.073773875226897,0.403795081952531,0.263430228231709,0.330021206725634
"310",310,94,0.814285290555956,0.0524459314543004,0.0144241411737783,0.0569281500853916,-0.0380217902805221
"311",311,78,0.854633157982669,0.00314126836727236,0.0325519597848557,0.0114791346041453,0.0294106914175834
"312",312,34,0.00294949343163278,-0.121349136329359,0.703526120731609,0.430053045866447,0.824875257060968
"313",313,22,0.226806362637933,-0.0232643709568623,0.337317833871478,0.604805416515578,0.360582204828341
"314",314,38,0.00308449941440467,-0.242949895553546,0.497116423489814,0.250949099629226,0.74006631904336
"315",315,24,0.220008029301682,0.179587029906577,-0.202573308096137,0.29006960471474,-0.382160338002714
"316",316,130,0.368948590579638,0.205246364243346,0.316648564345566,0.369672581303346,0.111402200102219
"317",317,64,0.734427299632944,-0.0436629157586956,0.0150581347790658,0.0222328806372286,0.0587210505377614
"318",318,36,0.311290535091026,-0.0897997789274562,0.138110465580287,0.0682096147283756,0.227910244507743
"319",319,70,0.00284190109800111,-0.134520595212052,0.344818940041303,0.292834369658707,0.479339535253354
"320",320,78,0.240547523104019,0.262025284038162,0.447739435293501,0.340554808085889,0.185714151255339
"321",321,88,0.487824282752621,-0.0481067532687916,0.0648866089567112,0.0562337333220328,0.112993362225503
"322",322,92,0.239371382516298,-0.0581862756334636,0.119559843996625,0.169456357794542,0.177746119630089
"323",323,158,0.138101022872738,-0.0034403166554025,0.158727575710236,0.184667215751785,0.162167892365639
"324",324,74,0.538067791943934,0.0858199708381133,0.185328214178675,0.344444691791912,0.099508243340562
"325",325,88,7.19410467572055e-05,-0.160085305352468,0.473559030615633,0.570892349443026,0.633644335968101
"326",326,130,7.60583578172562e-06,-0.0412212745256811,0.550820673371177,0.440652387590781,0.592041947896859
"327",327,50,0.823127895841542,-0.104232536889876,-0.0600239444051664,0.0355842738823463,0.0442085924847094
"328",328,128,0.862190070627646,0.0862686148166868,0.108543096865992,0.0941847676201667,0.0222744820493053
"329",329,58,0.155683522069701,0.12248011818385,0.380271679944351,0.335964023737301,0.257791561760501
"330",330,40,0.935256656492702,0.228636847441159,0.209107948432546,0.164137159347379,-0.0195288990086131
"331",331,22,0.706266758721481,0.219618908795386,0.340000104958907,0.130938997003651,0.120381196163521
"332",332,70,0.0573306563810216,-0.121517892399487,0.193386274985832,0.163694341661135,0.314904167385318
"333",333,52,0.780265598853692,0.101308668285833,0.039547077600956,0.00275072981775193,-0.0617615906848775
"334",334,48,0.140101279530538,0.026614365620359,0.34150567495558,0.389707995533542,0.314891309335221
"335",335,192,0.00070113736385512,0.00935626698503599,0.357987134005645,0.333909340514963,0.348630867020609
"336",336,58,0.0802395231698611,-0.032079728903827,0.280473629190435,0.252898687486021,0.312553358094262
"337",337,80,0.000980572021315283,-0.0544358512878258,0.516087819771339,0.50240776902235,0.570523671059165
"338",338,50,0.187345257396828,-0.120962865290906,0.153657038954529,0.119728917273359,0.274619904245435
"339",339,76,0.0195126288848411,0.256874545878408,0.618500124700068,0.364145025420292,0.36162557882166
"340",340,34,0.319991228770259,-0.0278475668610952,0.240886661387672,0.188981536189782,0.268734228248767
"341",341,76,0.281302476843166,-0.0452441702540567,0.134341074190511,0.334370603451907,0.179585244444568
"342",342,140,0.347860409127433,0.118430645010287,0.00791545690322117,0.0382009224452894,-0.110515188107066
"343",343,200,4.27101334574796e-05,-0.0253844842703857,0.391218563760817,0.426864271727397,0.416603048031203
"344",344,42,0.455445698641699,0.120092540199799,-0.011578134312654,0.275592596378146,-0.131670674512453
"345",345,124,0.0726836458096973,-0.0675521418750453,0.16582459301917,0.301861224395613,0.233376734894215
"346",346,200,0.739297029477115,0.0175396708381873,0.0489667538524677,0.0320693235194042,0.0314270830142804
"347",347,50,0.499092585547282,0.176172293986318,0.299958425524406,0.196661495948191,0.123786131538088
"348",348,62,0.238257050496248,0.042553308409914,0.255853589387256,0.247034038959541,0.213300280977342
"349",349,90,0.0697475921153782,-0.213356172909294,0.0632811644540969,0.0608195662947056,0.276637337363391
"350",350,74,0.583304326469505,-0.0479316595235485,0.0465973931388435,0.0297497402666133,0.0945290526623921
"351",351,24,0.303107297828853,-0.039999881039743,0.294906936798233,0.0947656424364244,0.334906817837976
"352",352,18,0.0561555355671217,0.062254073541265,0.689693497564005,0.402618796156783,0.62743942402274
"353",353,46,0.00171291308473086,-0.112378419380633,0.493623718519656,0.571709162452061,0.606002137900289
"354",354,156,0.602812100542985,-0.00182826703432017,0.0556716087571086,0.0890597903181224,0.0574998757914288
"355",355,62,0.136637229168831,-0.257091573950523,0.00610052722794661,0.251913872961256,0.263192101178469
"356",356,122,0.0841912069010702,-0.0358929722524541,0.193803043592981,0.218629934568985,0.229696015845435
"357",357,108,0.770673241619074,-0.00929240111980734,-0.0493889174881031,0.0248574485010845,-0.0400965163682958
"358",358,74,0.209864077181168,0.0349318003472239,0.249625979763114,0.226468599931794,0.21469417941589
"359",359,180,0.000620755802111957,0.0286993365606526,0.372202717152014,0.400619231834094,0.343503380591361
"360",360,92,0.00368088901572396,-0.210358959646176,0.205637842135976,0.114316845152764,0.415996801782152
"361",361,50,0.00060336673193345,-0.222475852735776,0.457005103794536,0.461446935863323,0.679480956530312
"362",362,48,0.017557722368876,0.0130764365463427,0.474232293714119,0.609745384534877,0.461155857167776
"363",363,38,0.000101676166381168,-0.124428339252996,0.761933955757146,0.573722003029788,0.886362295010142
"364",364,150,0.00961821041236061,-0.101402379198463,0.177874429392762,0.143997750521268,0.279276808591224
"365",365,72,0.11794783126366,0.145197270053886,0.408635459671676,0.349738990978118,0.26343818961779
"366",366,36,0.500797288126089,-0.0587987297889611,0.0985130364155619,0.371351087592037,0.157311766204523
"367",367,46,0.0134860692178265,-0.148024785005339,0.398983528696875,0.400690142363921,0.547008313702215
"368",368,54,0.019933422166093,-0.160684115388696,0.314152050627854,0.195182314761604,0.47483616601655
"369",369,38,0.383918474012167,0.179135633793831,0.384338698682054,0.482820451779248,0.205203064888223
"370",370,86,0.404073431331687,0.0337840775362848,0.157099457539566,0.144621426947386,0.123315380003282
"371",371,44,0.0214837063129419,0.0589354464115927,0.571788340900483,0.326648902227228,0.51285289448889
"372",372,26,0.000293724832784803,-0.113310868839015,0.95154882588117,0.423908134494419,1.06485969472019
"373",373,40,0.972148561636045,0.139276997619219,0.130903443677384,0.238999354335775,-0.00837355394183553
"374",374,70,0.362256974537991,0.0841676128575639,0.233812799950708,0.195530601509203,0.149645187093145
"375",375,50,0.111443915222498,-0.0133080349140659,0.306389025229084,0.361224455046285,0.31969706014315
"376",376,50,0.0509717840002165,0.167279051566123,0.562952786064818,0.622287855773331,0.395673734498696
"377",377,78,0.181032022008863,0.105556308278551,-0.0901842465074971,0.00695002312285918,-0.195740554786048
"378",378,60,0.606032925365041,0.101021048996868,0.196603326179595,0.140852070151218,0.0955822771827272
"379",379,32,0.764502022044136,0.0567330456137598,0.149011377701693,0.391949842385373,0.0922783320879334
"380",380,44,0.171805763520648,-0.131296950130902,0.139627394645616,0.397206953871242,0.270924344776518
"381",381,160,0.0752895332805186,0.0246058029694345,0.223315032007109,0.230637312000208,0.198709229037675
"382",382,114,0.15816881492911,-0.115241438615547,0.0599634706428555,0.12244703892438,0.175204909258403
"383",383,56,0.577713615348968,0.0450126943996331,-0.0723674013031727,0.0926955206622447,-0.117380095702806
"384",384,78,0.0699620570759655,0.0923994832685657,0.383989357637756,0.344903488654178,0.29158987436919
"385",385,106,0.0562040548764968,-0.211618801388356,0.045249900938094,0.161441506863329,0.25686870232645
"386",386,28,0.168824863276868,0.279667462604589,0.645137703325711,0.341336570979509,0.365470240721123
"387",387,48,0.189165148464865,-0.118978752080847,0.140703507963271,0.346467379964226,0.259682260044118
"388",388,30,0.924207470161817,-0.0130337576959669,-0.0387245972645502,0.249347833323842,-0.0256908395685833
"389",389,138,0.00387497812906279,-0.146125004612029,0.213103218489175,0.200241551150171,0.359228223101204
"390",390,64,0.112356001615298,0.13849284262265,0.39740093291263,0.351376517785075,0.25890809028998
"391",391,188,0.158002760780216,-0.00837189330168744,0.141487929577636,0.111078474293128,0.149859822879324
"392",392,84,0.390927483049797,0.0189311601231456,0.141288290837698,0.0471137393137744,0.122357130714553
"393",393,86,0.805691371314713,0.0817965020635046,0.118608893368787,0.0460243361019616,0.0368123913052824
"394",394,112,0.0135601890322724,-0.0641685163246852,0.296943291843391,0.341593469557395,0.361111808168076
"395",395,118,0.904657044750043,-0.0843570757693212,-0.0683223379352827,0.00707276389648108,0.0160347378340385
"396",396,200,0.0579513434459908,0.0682378829969041,0.274269083650846,0.218943369479223,0.206031200653942
"397",397,86,0.15260186733135,0.0813005239098171,0.303005198925447,0.189061507511539,0.22170467501563
"398",398,32,0.0583894826476442,-0.134148268711212,0.285563093232871,0.166741771447662,0.419711361944082
"399",399,24,0.0426355635132633,0.300372789514638,-0.248666620982285,0.0177124417424943,-0.549039410496923
"400",400,32,0.00283929422990554,-0.254144998707058,0.584885474964102,0.546540042105978,0.839030473671161
"401",401,38,0.165089268134292,-0.0880805989591635,0.21519221607385,0.259276916469935,0.303272815033014
"402",402,156,0.888518249321554,0.0997786284599732,0.116062769478297,0.0814920829601289,0.0162841410183243
"403",403,86,0.00449653019592937,-0.0334437175787944,0.409452168905171,0.216826305879605,0.442895886483966
"404",404,160,4.23455181671563e-05,-0.0124339687229776,0.471665732013941,0.355096308361065,0.484099700736919
"405",405,58,0.896114282220105,0.109428620378078,0.135030550193983,0.159675998223287,0.0256019298159053
"406",406,52,0.0420046800080759,-0.069817146918421,0.348861297063677,0.304222073701149,0.418678443982098
"407",407,60,0.00517383563086784,0.0685839540737386,0.539152373053502,0.348730860817714,0.470568418979764
"408",408,94,7.89590967148139e-05,-0.0325891149291402,0.590745681818173,0.514314584607364,0.623334796747313
"409",409,144,0.589177135679469,0.110542584349273,0.177182004171495,0.142566548138626,0.0666394198222214
"410",410,54,0.111027049030854,-0.0267305587542613,0.290782258864513,0.483200509152404,0.317512817618774
"411",411,22,0.257628524672623,0.252308556352213,-0.157107171483716,0.32830170648787,-0.409415727835929
"412",412,200,0.176512562976267,0.0705337234405734,-0.054295905440682,0.0878402663180246,-0.124829628881255
"413",413,150,0.122316668758758,0.0923758680357436,-0.0839389003217551,0.00410742169948335,-0.176314768357499
"414",414,62,0.228610992087034,-0.0687443580400723,0.143856108172441,0.0622069242219982,0.212600466212514
"415",415,200,0.215137746174841,-0.0576654871356974,0.0708394446911538,0.0904171934913969,0.128504931826851
"416",416,154,5.17439895074596e-06,0.0688126372414204,0.540982568179338,0.53550525307805,0.472169930937917
"417",417,38,0.287985769905005,0.307239408011537,0.0697537999078246,0.300964287566815,-0.237485608103712
"418",418,48,0.11419113831081,-0.163173601372717,0.15801246665671,0.330960096667233,0.321186068029427
"419",419,70,0.0340233821157944,0.0305156381700788,0.398277496511048,0.494136528475561,0.36776185834097
"420",420,36,0.441818151661427,0.199772686809669,0.380133706500844,0.354466027966926,0.180361019691175
"421",421,40,0.192139935666749,-0.00171113253366691,0.323450430597938,0.165902709320456,0.325161563131605
"422",422,200,0.559820552552799,0.106319408447318,0.16618033273227,0.217505814146423,0.059860924284952
"423",423,60,0.0282948218222798,-0.00431407114384398,0.37707845603029,0.225270491117634,0.381392527174134
"424",424,86,0.0119510496747459,-0.0253429246419506,0.379965291011317,0.265413831749163,0.405308215653268
"425",425,68,0.0222588961615419,-0.0463937370141983,0.341254451979833,0.429029738310273,0.387648188994031
"426",426,54,0.00126265696077749,-0.218550211308863,0.429472273589334,0.426775843573202,0.648022484898197
"427",427,98,0.252447031149788,0.0315252331101646,0.205058740090619,0.235406001455757,0.173533506980454
"428",428,52,0.000313618949380188,0.0713481204512225,0.779293313899893,0.559438280067358,0.707945193448671
"429",429,34,0.823777006008526,0.0930527883808364,0.155315280780075,0.313542510726379,0.0622624923992387
"430",430,22,0.012198129715003,-0.196305781734837,0.65482956537407,0.615572510493287,0.851135347108907
"431",431,36,0.228252976247606,0.0364636952043312,0.341509880159838,0.502742921873178,0.305046184955507
"432",432,24,0.06586227018003,-0.0608224949620183,0.434814308855425,0.55590362607854,0.495636803817444
"433",433,200,0.518964987782794,0.0711416821884141,0.0050087789598478,0.0693950985629457,-0.0661329032285663
"434",434,96,0.817666369443251,0.115916630274013,0.15097581946842,0.182274385644381,0.0350591891944075
"435",435,176,0.691542005281245,-0.0586717559964518,-0.101172234499962,0.0230346372573367,-0.0425004785035097
"436",436,54,5.13696964587315e-09,-0.34533419058906,0.877522411946312,0.588620774679113,1.22285660253537
"437",437,54,0.0543777865716916,0.134544393647815,0.493897532706443,0.349184180812358,0.359353139058628
"438",438,128,0.918497322115686,0.111941660601378,0.0985321633513279,0.0458981711151264,-0.0134094972500499
"439",439,34,0.173010151440148,-0.143697377250609,0.166025196379958,0.146177141352437,0.309722573630567
"440",440,94,0.360603431910007,-0.207194537221193,-0.066557849271457,0.0699281416739914,0.140636687949736
"441",441,32,0.148041728975599,0.0866245848208551,0.498518670749726,0.241995391808554,0.411894085928871
"442",442,86,0.000429255820162321,0.0355984986974475,0.533176117321639,0.421730768265038,0.497577618624191
"443",443,18,0.539251165026213,0.136834287766677,-0.0699557099474717,0.095507314414683,-0.206789997714148
"444",444,20,0.839768859582228,0.293198056797978,0.224732277829243,0.473150826897556,-0.068465778968735
"445",445,104,8.24043127466365e-05,0.131740871907762,0.695033183500607,0.71614270842836,0.563292311592845
"446",446,96,0.778629436656222,0.12891419099629,0.0902799602472474,0.0521675440307906,-0.0386342307490428
"447",447,38,0.0328700643632515,-0.31463013747602,0.122086739905138,0.20991477049087,0.436716877381158
"448",448,64,0.00437743288463415,-0.106641491590992,0.401910866225515,0.304723414100539,0.508552357816507
"449",449,40,0.00681442549946729,-0.218617211299117,0.402432435078979,0.263127443036877,0.621049646378096
"450",450,110,0.0216649221679929,-0.0425647561821266,0.276738654123582,0.427573765932328,0.319303410305708
"451",451,90,0.742216155534863,0.0235004623950214,0.0731642514477523,0.115889056595846,0.049663789052731
"452",452,70,2.61648815885573e-07,-0.174820759764381,0.738933798544923,0.596061355340516,0.913754558309304
"453",453,76,0.00239125575856391,0.0454900237937951,0.52773522691587,0.438381171183493,0.482245203122075
"454",454,162,0.750110433357624,-0.0497385786423037,-0.016621641396798,0.0563796221857759,0.0331169372455057
"455",455,54,0.284173215653115,0.0680912282408173,0.264926869937768,0.218034400410537,0.196835641696951
"456",456,58,0.758596018042494,0.242552718081563,0.182515214550429,0.240329906230698,-0.0600375035311342
"457",457,28,0.245055302113915,-0.112886480635055,0.165697713356095,0.324667690781046,0.278584193991149
"458",458,130,0.0927567710691729,-0.0304957899758666,0.166741101282279,0.217280943151534,0.197236891258146
"459",459,88,0.00210814016839662,-0.141533815077928,0.298108913376349,0.183350119633359,0.439642728454277
"460",460,24,0.520403330596146,0.270882750567105,0.476585541523266,0.217927108832352,0.205702790956161
"461",461,104,0.0378669178459456,0.102672077254946,0.379254765338721,0.262689113357284,0.276582688083776
"462",462,112,0.43607782852332,0.0002359622181336,0.0997601370620541,0.0179393531585985,0.0995241748439205
"463",463,146,0.0209361465229877,-0.0870395070003448,0.173102922203278,0.173927918051253,0.260142429203623
"464",464,24,0.00817670872947386,0.0123617719986871,0.737201226383561,0.444730534769957,0.724839454384874
"465",465,82,0.00986282443151059,-0.0343216291520914,0.366345292127168,0.295100461116335,0.40066692127926
"466",466,26,0.424219463094145,-0.0832219334137963,0.129695701905414,0.37332471998884,0.21291763531921
"467",467,62,0.161972317849849,0.158045800918369,0.4137784657121,0.511184811508057,0.255732664793731
"468",468,34,0.289533831214216,0.10915821816025,0.363374700451092,0.372597141746463,0.254216482290842
"469",469,62,0.314672490655236,0.11965420124407,0.298900542251998,0.384294319119824,0.179246341007928
"470",470,32,3.8086527316057e-05,-0.220086825382292,0.710943938486918,0.46074281952697,0.93103076386921
"471",471,16,0.310731597529564,0.107352199470956,0.473959187984072,0.435686377746457,0.366606988513115
"472",472,40,0.307100126746723,-0.0604828030823232,0.153448661201484,0.106172591970874,0.213931464283807
"473",473,86,0.00746598137707312,-0.0767822747427631,0.330682276678618,0.57388257462897,0.407464551421381
"474",474,52,0.739091206057193,0.161067378278805,0.22977590428622,0.168456747263402,0.0687085260074151
"475",475,128,0.763268778972285,0.0740788868851689,0.114123790706605,0.156260299566839,0.0400449038214366
"476",476,50,0.0162930337878441,0.0239505155618877,0.597440557737401,0.179406431542194,0.573490042175513
"477",477,42,0.0873874160612094,0.196178351201066,0.580302860000613,0.424064674972788,0.384124508799547
"478",478,198,0.0836858316542707,-0.0208980849147771,0.15955261230955,0.0821947672742914,0.180450697224327
"479",479,34,0.225375426379946,0.00372000846311521,0.305169622335163,0.276066857266792,0.301449613872048
"480",480,68,0.0177545952582731,-0.176067593030904,0.254421198169139,0.151402223203637,0.430488791200043
"481",481,98,0.899423926712469,0.204544675694269,0.184796507401072,0.0927546364360765,-0.0197481682931971
"482",482,68,0.520181791335298,-0.00948872601284766,0.100322544544893,0.293463042622181,0.109811270557741
"483",483,80,0.732291113498043,0.00418254316119829,-0.0464548531392368,0.0209426096747406,-0.0506373963004351
"484",484,48,0.851219630221533,0.107903534251753,0.0684441274100416,0.242499587029244,-0.0394594068417117
"485",485,48,0.427666093394766,-0.26553511643235,-0.114302627884092,0.041638009638164,0.151232488548258
"486",486,64,0.248113444389568,0.15169082671482,0.347521382781097,0.384568621855959,0.195830556066276
"487",487,154,0.0169453086937702,-0.17561851409369,0.0955799321269833,0.0571470894427387,0.271198446220674
"488",488,58,0.689076084266292,0.110186526388863,0.174775078216554,0.0356770993243887,0.0645885518276913
"489",489,60,0.360062769006855,0.0630809350015449,0.226358878275682,0.0321533802863215,0.163277943274137
"490",490,64,0.309600949676202,0.0435335909407088,0.216102562837435,0.235007969043118,0.172568971896726
"491",491,78,0.0612556692113293,-0.123919124864888,0.186665590897983,0.303549576399842,0.310584715762871
"492",492,54,0.00257327062011874,-0.0229913004717086,0.548259337393065,0.260146735869394,0.571250637864773
"493",493,146,0.981970439714127,-0.0195454976652707,-0.0168079331193184,0.0804999007583501,0.0027375645459523
"494",494,200,0.000111823035230856,-0.124329698897537,0.28462434859952,0.294133399981925,0.408954047497057
"495",495,32,0.451894320527858,0.183833910953049,0.348517636102204,0.214997119657507,0.164683725149155
"496",496,56,0.202535969130287,-0.0834759844499974,0.157004286606098,0.290760513908121,0.240480271056095
"497",497,126,0.00430971700964979,0.0760146834233899,0.443539020273613,0.498053902350462,0.367524336850223
"498",498,24,0.157907265592117,0.0850252451728319,0.539048587884931,0.506907298954019,0.454023342712099
"499",499,64,0.00440509509380231,0.0564525722642051,0.555667620724411,0.384674780578712,0.499215048460206
"500",500,48,0.0704221532442562,-0.201107402891541,0.180831928416887,0.143595967438006,0.381939331308427
"501",501,16,0.0341886118976826,0.400370595106282,-0.260831154735358,0.016116713745606,-0.66120174984164
"502",502,58,0.846050463429426,-0.00181310696341398,-0.0403687491188686,0.0382002790351145,-0.0385556421554546
"503",503,42,0.642082717291964,0.0174008326281199,0.11800419210005,0.067362827436308,0.10060335947193
"504",504,36,0.0856006200637213,-0.224392802563523,0.160128156502013,0.158010053999978,0.384520959065536
"505",505,28,0.121163237330142,-0.0656945108947056,0.301032201882872,0.211338458362637,0.366726712777577
"506",506,48,0.000396823977880032,0.075771086531673,0.871468148640318,0.752543034311197,0.795697062108645
"507",507,54,0.0270228657931785,-0.0624400705328227,0.332621404310902,0.107651849575395,0.395061474843725
"508",508,78,0.0168725962052345,-0.0181077938871912,0.32837462510028,0.25240452416262,0.346482418987472
"509",509,46,0.170554392515017,0.410388993896125,0.100256027871009,0.321577419146996,-0.310132966025116
"510",510,20,0.500792024317386,0.0203397915554117,0.229509656957202,0.362902370961674,0.20916986540179
"511",511,56,0.0153577733966883,0.14576666998725,0.541733216866775,0.594230674837093,0.395966546879526
"512",512,50,0.00116157935064875,-0.334514820308492,0.338814037558265,0.366701267132529,0.673328857866757
"513",513,84,0.0762802164880927,-0.147324618912108,0.106965503631439,0.0591943186175899,0.254290122543547
"514",514,78,0.54674035960429,-0.015968444383087,-0.106976640933583,0.0484253820219999,-0.0910081965504963
"515",515,52,0.769653364188887,0.00502987521312745,-0.0453592700938221,0.174291631604915,-0.0503891453069495
"516",516,78,0.00386849870175903,0.106713201789065,0.582323649254425,0.400692474221847,0.47561044746536
"517",517,200,4.15759362151918e-06,0.0569223255893404,0.496549625442153,0.509603780474939,0.439627299852813
"518",518,32,0.431146644213746,0.189278043492818,0.00791359034482175,0.211349239839121,-0.181364453147997
"519",519,42,0.105346814347811,0.0232586378943753,0.354871073275601,0.326300729490523,0.331612435381226
"520",520,60,0.00070023552112071,-0.2583889351617,0.380451531076468,0.277942566516821,0.638840466238168
"521",521,200,6.41511455107566e-08,-0.00107498597078123,0.532530527094629,0.640384764742674,0.53360551306541
"522",522,74,0.628877023940396,0.104447164112638,0.187378343407124,0.230041288741861,0.0829311792944857
"523",523,56,0.00964216011142,0.0321327076890901,0.495710521514328,0.382396551366851,0.463577813825238
"524",524,38,0.000821053271960034,-0.18784683771116,0.417129839535784,0.150032324184225,0.604976677246943
"525",525,50,0.0147658119489323,-0.112699900345337,0.352711229623065,0.348753528315375,0.465411129968402
"526",526,200,0.739915172246723,-0.0666882360084537,-0.0342462924805989,0.0268399274019285,0.0324419435278548
"527",527,30,0.116231218227145,0.0198496870730467,0.45219974286823,0.418362630776336,0.432350055795183
"528",528,132,0.945251136387944,0.0796633781778637,0.0878893028089241,0.144528435364944,0.00822592463106035
"529",529,82,0.279885646403075,0.0637405817541524,-0.109204209320499,0.0149037073753189,-0.172944791074651
"530",530,30,0.970098267388982,0.0679424061664791,0.0762708417553905,0.188091635518494,0.00832843558891141
"531",531,112,0.750471751945776,0.154335357810893,0.111554297754689,0.108978942061831,-0.0427810600562041
"532",532,90,0.0101573071535629,-0.0558775495849703,0.309016002181566,0.245277320547292,0.364893551766536
"533",533,200,0.0511091430244445,-0.0592958606575203,0.134905410055747,0.0477642608756104,0.194201270713267
"534",534,86,0.25333627680391,-0.0735732525399945,0.10581006692305,0.239421843657243,0.179383319463045
"535",535,30,0.225661315144932,-0.174435759370567,0.122784922796008,0.153447604043343,0.297220682166575
"536",536,100,0.143877891103054,-0.118033207429655,0.0829310737418116,0.0831077990068707,0.200964281171466
"537",537,30,0.534846769261674,-0.12910794459301,0.0445115696684203,0.462774064341892,0.17361951426143
"538",538,200,0.765879315218655,0.100400546696888,0.130087790306266,0.161199076762239,0.0296872436093779
"539",539,102,0.608793621832695,0.0402345217300643,0.112787854860523,0.0166509150167201,0.0725533331304585
"540",540,24,0.469651150983822,0.0839879020792118,0.280764098125082,0.352049400173685,0.19677619604587
"541",541,98,0.345488834495824,0.102445912789152,-0.0287884341905154,0.0885351837276499,-0.131234346979667
"542",542,26,0.128090092531968,0.251344704536572,0.648295079541502,0.523564716239299,0.396950375004931
"543",543,200,0.793960492295005,0.0919502235373946,0.0655352653445528,0.0579560721223679,-0.0264149581928419
"544",544,64,1.82909583454169e-06,0.0286811983157554,0.860815910419101,0.699660280665816,0.832134712103345
"545",545,42,0.00503792448423366,-0.156208479025446,0.470027544477036,0.457291141139584,0.626236023502482
"546",546,72,0.137542231639649,-0.0707648033551813,0.171908087514167,0.222233036310379,0.242672890869349
"547",547,150,0.497163609137593,0.0805560633881339,0.155119207555405,0.0336970317853498,0.0745631441672708
"548",548,118,0.233200520772404,0.045707134936151,-0.121122542252503,0.0459596411241307,-0.166829677188654
"549",549,78,0.00535742504282263,-0.0672850269142008,0.352405029571495,0.316214111737454,0.419690056485696
"550",550,56,0.611595869166751,0.0702387585377693,-0.0294179458528325,0.0724494891328033,-0.0996567043906018
"551",551,82,0.00176459883254862,-0.0156138694064456,0.447472515331223,0.558967917130373,0.463086384737669
"552",552,26,0.00732965775701119,-0.103141379237004,0.775121985503322,0.478536247097463,0.878263364740325
"553",553,90,0.359687237284804,0.12246149520671,-0.0199178954421519,0.00456312790037733,-0.142379390648861
"554",554,116,0.0891268047867787,-0.0359106165043442,0.176436642722157,0.19932978753302,0.212347259226501
"555",555,86,0.108577510935239,0.159233577183162,0.413426539095476,0.310518112926157,0.254192961912314
"556",556,42,0.562895415501625,0.0112049104501881,-0.121872886623631,0.0904494088626779,-0.133077797073819
"557",557,108,9.91607782475792e-05,-0.0927221316827008,0.435952886794515,0.490334841433032,0.528675018477216
"558",558,38,0.0239375142898621,-0.0256263106903963,0.589396501864882,0.550150334947098,0.615022812555278
"559",559,200,0.0108855505315182,-0.0305163632631244,0.21775542026332,0.170575549019213,0.248271783526444
"560",560,38,0.662447535956641,-0.000317144069842911,0.096530454501798,0.140286047481005,0.0968475985716409
"561",561,72,0.392442790481506,-0.0256911502755135,0.118039483172388,0.0427142594907517,0.143730633447901
"562",562,132,0.40983310001033,0.0421141413534734,0.146633085754282,0.121426595284189,0.104518944400809
"563",563,118,0.209459572235535,0.228521363969908,0.0576807194690907,0.0860341832395746,-0.170840644500817
"564",564,60,0.0523153425774038,0.128613320514162,0.497768748721328,0.332626370261056,0.369155428207166
"565",565,54,0.149828419178589,-0.112238308531398,0.135860193705234,0.2192297936301,0.248098502236632
"566",566,64,0.444326487592164,0.0697418976623261,-0.0678142279265326,0.202549108966718,-0.137556125588859
"567",567,60,0.204421603726417,0.00256971130946156,0.226063856570529,0.304091823226351,0.223494145261067
"568",568,106,0.936895898670591,0.00608351495440889,-0.00492339943074076,0.119239605195256,-0.0110069143851496
"569",569,66,0.0457247979441672,-0.0134747027577949,0.331940992105337,0.409454626872097,0.345415694863131
"570",570,136,0.00486032306374775,-0.0616618778718032,0.2998495043556,0.342370180611142,0.361511382227403
"571",571,174,0.202386246487638,-0.0315861158508009,-0.162372374863868,0.0240126556677712,-0.130786259013067
"572",572,132,0.00195333195158873,-0.0226541661631264,0.357176140728003,0.246943422248403,0.37983030689113
"573",573,60,0.34972156833866,-0.117291455746822,0.0610322127626644,0.295866262223052,0.178323668509486
"574",574,68,0.00108207611659495,-0.131412767439825,0.474214759555086,0.400865870320782,0.605627526994912
"575",575,168,0.000178555412852634,0.0704099330701024,0.484082899790319,0.331100372471728,0.413672966720216
"576",576,200,0.0296248568485824,0.0130405120923395,0.222532566334163,0.227911788576145,0.209492054241823
"577",577,128,0.000958052752724429,0.0886762446934133,0.491665005844804,0.402266789727353,0.402988761151391
"578",578,52,0.368421211029829,-0.159256629008052,0.0218592920348239,0.0154449841312851,0.181115921042876
"579",579,26,0.42556130894695,0.0598576246628338,-0.158456371738894,0.0897760354905909,-0.218313996401728
"580",580,66,0.207966055066741,0.0510959822538308,0.285774525869333,0.225951626368457,0.234678543615502
"581",581,120,0.000828394190646958,0.0833414687936174,0.4996584789951,0.428016764462971,0.416317010201483
"582",582,110,0.0238345257337852,-0.255125287492694,0.0308851550600788,0.210525586505071,0.286010442552773
"583",583,44,0.00944415598022524,-0.207653467907548,0.386100141253426,0.528058776415163,0.593753609160975
"584",584,22,0.711591634988382,-0.217655131888493,-0.105052012165286,0.0629677786114827,0.112603119723206
