"","rep_no","totalN","p_value","mean_control","mean_treatment","ES_true","d_emp","prev_pop","rep_attempts","all_positives","all_negatives"
"1",1,139,0.0161285911951203,-0.231423053025744,0.0157010580616885,0.0948675450846791,0.247124111087433,0.17,605,1614,8386
"2",2,139,0.119582362073062,0.0399441141066052,0.181996208403197,0.147254217138592,0.142052094296592,0.17,605,1614,8386
"3",3,139,0.0595014301198396,-0.0331726733533704,0.14906886213077,0.267894451385877,0.18224153548414,0.17,605,1614,8386
"4",4,139,1.07144334900933e-05,-0.188594262337352,0.295851485589848,0.375923312556777,0.484445747927199,0.17,605,1614,8386
"5",5,139,0.326221760733833,-0.0620524102527781,-0.0122464017728503,0.0645711662451571,0.0498060084799278,0.17,605,1614,8386
"6",6,139,2.64608052040772e-06,-0.0954460456541142,0.458956857312673,0.417628920504866,0.554402902966788,0.17,605,1614,8386
"7",7,139,0.00164521769610628,-0.0079919901702396,0.341053520736764,0.23846296526472,0.349045510907004,0.17,605,1614,8386
"8",8,139,0.373594123875158,-0.13460632180426,-0.0947956501965435,0.0489910379750831,0.0398106716077167,0.17,605,1614,8386
"9",9,139,0.00374003933847352,-0.11716770964531,0.198600565046364,0.131770927757543,0.315768274691674,0.17,605,1614,8386
"10",10,139,7.19283742104673e-05,-0.154404893891461,0.287133251998745,0.299830574349435,0.441538145890206,0.17,605,1614,8386
"11",11,139,0.351006453370842,-0.0819037540528374,-0.0333878055589427,0.0553522680027427,0.0485159484938946,0.17,605,1614,8386
"12",12,139,0.0566497879800646,-0.0862153586043484,0.0979860499833298,0.188020416417159,0.184201408587678,0.17,605,1614,8386
"13",13,139,0.0558951577875918,-0.0855324207783578,0.0975477268920882,0.112996495227902,0.183080147670446,0.17,605,1614,8386
"14",14,139,0.259329919469821,-0.0383712205358162,0.0379755027406359,0.0278109111730062,0.0763467232764521,0.17,605,1614,8386
"15",15,139,0.00306602267754828,-0.10570092510541,0.223675325822627,0.316110450893387,0.329376250928037,0.17,605,1614,8386
"16",16,139,0.0197356033692486,-0.017189046202135,0.214381919325324,0.132774370320312,0.231570965527459,0.17,605,1614,8386
"17",17,139,0.325042033485952,-0.0785797510941129,-0.0241630867538827,0.0175374147117541,0.0544166643402303,0.17,605,1614,8386
"18",18,139,0.0476494059136686,0.115475540051567,0.316523351063275,0.465068730616206,0.201047811011708,0.17,605,1614,8386
"19",19,139,0.0439081807252955,0.0451987197965222,0.247904824684582,0.370754623192598,0.20270610488806,0.17,605,1614,8386
"20",20,139,0.0125289933376342,-0.11061578797334,0.145545469883141,0.161811220398198,0.256161257856481,0.17,605,1614,8386
"21",21,139,0.0368980812170688,0.0269034677490721,0.250793616382775,0.20923578570562,0.223890148633703,0.17,605,1614,8386
"22",22,139,0.384215290521627,0.127866771686919,0.163259834890369,0.139088550292367,0.0353930632034503,0.17,605,1614,8386
"23",23,139,0.00159158013909678,0.115000870043602,0.47836538348365,0.392129332086897,0.363364513440048,0.17,605,1614,8386
"24",24,139,0.127979944438379,-0.0343616481718286,0.104210683471894,0.100877482658701,0.138572331643723,0.17,605,1614,8386
"25",25,139,4.59721504641588e-07,-0.0305215178378308,0.515550651488008,0.504994628264604,0.546072169325839,0.17,605,1614,8386
"26",26,139,0.241408768031695,-0.0816600242878111,0.0021696301304125,0.0143867272333713,0.0838296544182236,0.17,605,1614,8386
"27",27,139,0.0597845137591317,-0.0700825490379792,0.111922024674053,0.121750619130642,0.182004573712032,0.17,605,1614,8386
"28",28,139,0.00320728680884176,-0.0710087889950419,0.261071282658624,0.306185517061729,0.332080071653666,0.17,605,1614,8386
"29",29,139,1.75392391039309e-06,-0.170971216714396,0.415282585099144,0.425671755299786,0.58625380181354,0.17,605,1614,8386
"30",30,139,0.000595965846898013,-0.119470877428743,0.262622829736133,0.407626834238805,0.382093707164877,0.17,605,1614,8386
"31",31,139,0.000258162656117558,-0.191722035720082,0.25051064179482,0.216044762679384,0.442232677514902,0.17,605,1614,8386
"32",32,139,3.53825930098749e-06,-0.0636239419214654,0.53394267786644,0.564786435059874,0.597566619787905,0.17,605,1614,8386
"33",33,139,0.766257549314457,0.101698273971203,0.0144149336565992,0.0875247200523602,-0.0872833403146034,0.17,605,1614,8386
"34",34,139,1.0308777893756e-05,-0.037843968268104,0.480715920515951,0.510275313776094,0.518559888784055,0.17,605,1614,8386
"35",35,139,0.0856684297115133,-0.0595361612298187,0.107533260387351,0.142075349887398,0.16706942161717,0.17,605,1614,8386
"36",36,139,0.162159534187503,0.0630192132629555,0.189080967311927,0.085440729110176,0.126061754048972,0.17,605,1614,8386
"37",37,139,0.06899018992083,0.121713858071557,0.309728348856027,0.173102410090253,0.18801449078447,0.17,605,1614,8386
"38",38,139,4.03836631753434e-14,-0.136034450446113,0.827664868459422,0.734714991064261,0.963699318905535,0.17,605,1614,8386
"39",39,139,0.555723174360953,0.09643606278996,0.0800776355253847,0.113947948505686,-0.0163584272645753,0.17,605,1614,8386
"40",40,139,0.0800541807203917,0.105872491453617,0.274369790666731,0.222375810945553,0.168497299213114,0.17,605,1614,8386
"41",41,139,0.0226504510930643,-0.0448324703721898,0.192763054641606,0.240080081247787,0.237595525013796,0.17,605,1614,8386
"42",42,139,0.630729926320268,0.0221272327743638,-0.0187128442337613,0.0334297190397681,-0.0408400770081251,0.17,605,1614,8386
"43",43,139,0.188388968300108,-0.0564842461066701,0.0522992664934359,0.118916562813696,0.108783512600106,0.17,605,1614,8386
"44",44,139,0.944142475589902,0.0867216141972251,-0.105923637733805,0.0223109795432447,-0.19264525193103,0.17,605,1614,8386
"45",45,139,0.967866707497956,0.0795382673474826,-0.12384899141164,0.00845756985737014,-0.203387258759122,0.17,605,1614,8386
"46",46,139,0.002855453192784,-0.0350901730836455,0.2756959420894,0.162048854958939,0.310786115173046,0.17,605,1614,8386
"47",47,139,0.0487280629048228,0.0504430138714601,0.259019706825454,0.199782365807446,0.208576692953994,0.17,605,1614,8386
"48",48,139,0.00496341724503433,-0.0396477539045538,0.261804900990108,0.368990437371598,0.301452654894661,0.17,605,1614,8386
"49",49,139,1.28049032870955e-05,0.00539663604259026,0.550337179667321,0.519093838712812,0.54494054362473,0.17,605,1614,8386
"50",50,139,0.451241632569207,-0.0390512170022156,-0.0242416829439487,0.00789340042020631,0.0148095340582668,0.17,605,1614,8386
"51",51,139,0.0438818094833805,0.0313117393785196,0.238823853738996,0.102399028660932,0.207512114360476,0.17,605,1614,8386
"52",52,139,0.480925289104475,-0.0159673052727547,-0.0104344785080688,0.0496749213337224,0.00553282676468582,0.17,605,1614,8386
"53",53,139,0.00411947145790591,-0.209428998764669,0.1148779502307,0.202583667692259,0.324306948995369,0.17,605,1614,8386
"54",54,139,0.00776374350400098,0.0793398072586026,0.384844765724878,0.313707698406472,0.305504958466275,0.17,605,1614,8386
"55",55,139,5.70593021995822e-06,-0.00137107895038731,0.553006549557745,0.427702617019867,0.554377628508132,0.17,605,1614,8386
"56",56,139,7.58130533073896e-08,-0.0448749741259114,0.576976774786935,0.61674608103218,0.621851748912846,0.17,605,1614,8386
"57",57,139,0.543147736194641,-0.0394650153542869,-0.0528087267950211,0.046175153333258,-0.0133437114407341,0.17,605,1614,8386
"58",58,139,1.86300063534462e-05,0.0331081882534187,0.529449064458294,0.437579702508714,0.496340876204876,0.17,605,1614,8386
"59",59,139,5.00266325770941e-05,-0.0187183204830869,0.4641149835246,0.282469565640723,0.482833304007687,0.17,605,1614,8386
"60",60,139,0.00925278906739506,0.0500913921027008,0.35945883756713,0.360950180256592,0.30936744546443,0.17,605,1614,8386
"61",61,139,3.44741185052531e-05,-0.0527673234096458,0.427009086079601,0.465130334240771,0.479776409489246,0.17,605,1614,8386
"62",62,139,0.0824677268253517,0.154010270052776,0.33231396809072,0.270005718981936,0.178303698037944,0.17,605,1614,8386
"63",63,139,0.214747220222488,0.00487624777847492,0.0996681737758835,0.0440274045912924,0.0947919259974086,0.17,605,1614,8386
"64",64,139,0.763205252179024,0.0877359962103343,0.00306196976261894,0.134184262448217,-0.0846740264477153,0.17,605,1614,8386
"65",65,139,0.0708541725761254,0.137415899995802,0.315191098837595,0.524790228560989,0.177775198841793,0.17,605,1614,8386
"66",66,139,0.122252633996253,-0.0576765608896174,0.09027813481511,0.063260192730012,0.147954695704727,0.17,605,1614,8386
"67",67,139,1.56026831361761e-08,-0.097553193229035,0.571602742845814,0.485919050087069,0.669155936074849,0.17,605,1614,8386
"68",68,139,5.47675487441108e-05,-0.112920239085136,0.333541163034923,0.463703169299577,0.446461402120059,0.17,605,1614,8386
"69",69,139,0.00132706029133543,0.0363509470653681,0.400047953516556,0.394793128633748,0.363697006451188,0.17,605,1614,8386
"70",70,139,0.420337556666263,0.0580258502489236,0.0802704024255907,0.00729969289646111,0.0222445521766671,0.17,605,1614,8386
"71",71,139,0.00175238028839234,0.0703976895613879,0.427239845491502,0.404183970473677,0.356842155930114,0.17,605,1614,8386
"72",72,139,1.28909728531161e-05,-0.235796862573709,0.255039310176469,0.284119554921393,0.490836172750178,0.17,605,1614,8386
"73",73,139,0.329075006798651,-0.0539971500454441,-0.000374801187936052,0.0712248344945148,0.0536223488575081,0.17,605,1614,8386
"74",74,139,4.8032815061246e-05,-0.0252934046540062,0.454255365482504,0.52132508494867,0.47954877013651,0.17,605,1614,8386
"75",75,139,2.60853056250723e-07,-0.0145162344157446,0.61235842155332,0.625446104723206,0.626874655969064,0.17,605,1614,8386
"76",76,139,3.77734374270482e-07,0.0700032493014205,0.684550710549148,0.601370034187152,0.614547461247728,0.17,605,1614,8386
"77",77,139,0.000681313647868436,-0.0333716869095937,0.348016388911839,0.286957413691516,0.381388075821432,0.17,605,1614,8386
"78",78,139,2.23567406037689e-09,-0.0328639435291466,0.672075264879924,0.604525805235758,0.70493920840907,0.17,605,1614,8386
"79",79,139,0.0709418474098984,-0.0192793989505536,0.149691762389472,0.103856233405316,0.168971161340026,0.17,605,1614,8386
"80",80,139,0.0595923697441557,0.0709920682696247,0.263869674316612,0.29901084176919,0.192877606046988,0.17,605,1614,8386
"81",81,139,0.00254615518472958,0.0272091416235479,0.375115583179637,0.282965712970907,0.347906441556089,0.17,605,1614,8386
"82",82,139,0.130689802606267,0.0643848006613173,0.198530895855062,0.231253422442686,0.134146095193745,0.17,605,1614,8386
"83",83,139,0.417809265519063,-0.00923745015246005,0.0159709608137281,0.0299720646312388,0.0252084109661882,0.17,605,1614,8386
"84",84,139,0.258123217616532,0.048186303913517,0.124439287147154,0.0917435101087663,0.076252983233637,0.17,605,1614,8386
"85",85,139,0.10081903804412,-0.0623203667739353,0.0971870106745788,0.270126132528479,0.159507377448514,0.17,605,1614,8386
"86",86,139,0.221382028988215,0.202031423973203,0.300034368423331,0.179149751794744,0.0980029444501282,0.17,605,1614,8386
"87",87,139,0.0609187332095395,0.0529385674165616,0.226311820702306,0.246579060665715,0.173373253285744,0.17,605,1614,8386
"88",88,139,0.12930076438552,0.0762588131793125,0.207059688161342,0.246748098737378,0.130800874982029,0.17,605,1614,8386
"89",89,139,0.00368901881611929,-0.10345888719317,0.227914564044544,0.184344040222666,0.331373451237715,0.17,605,1614,8386
"90",90,139,0.0465416199699131,0.0120413251418077,0.222475305495267,0.258549271918026,0.210433980353459,0.17,605,1614,8386
"91",91,139,3.90224071319406e-08,-0.0476016891513514,0.640836685418813,0.76721156097864,0.688438374570165,0.17,605,1614,8386
"92",92,139,0.021937578314238,0.0696753956676339,0.312050229422043,0.28248048938545,0.242374833754409,0.17,605,1614,8386
"93",93,139,0.228652992034545,-0.0227420405010617,0.0665291755185245,0.0378812472009874,0.0892712160195862,0.17,605,1614,8386
"94",94,139,0.0370792313917779,0.0317489896958524,0.25992333721345,0.34408465981522,0.228174347517598,0.17,605,1614,8386
"95",95,139,0.76089014697108,0.127420659204372,0.0388470903949613,0.0362087407181869,-0.0885735688094108,0.17,605,1614,8386
"96",96,139,0.0258327303554806,-0.0878658742642145,0.148970665424102,0.174230404493571,0.236836539688316,0.17,605,1614,8386
"97",97,139,0.897929919979432,0.11474544551946,-0.039555982751701,0.158596754189127,-0.154301428271161,0.17,605,1614,8386
"98",98,139,0.368819124089337,0.107599627730572,0.150627522269247,0.0886355570530073,0.043027894538675,0.17,605,1614,8386
"99",99,139,0.125305553285674,0.0170480180866593,0.158331136985187,0.221530568593716,0.141283118898528,0.17,605,1614,8386
"100",100,139,0.0107265885578353,-0.053077875720251,0.243686244088516,0.166936092853755,0.296764119808767,0.17,605,1614,8386
"101",101,139,0.0138954943208819,0.0561136231249369,0.315098154536455,0.211578526479358,0.258984531411519,0.17,605,1614,8386
"102",102,139,0.006067597421084,-0.0996735119193692,0.205875183311294,0.237493383087857,0.305548695230663,0.17,605,1614,8386
"103",103,139,0.000322453236435073,0.147001190790509,0.573447008580932,0.499384378714796,0.426445817790422,0.17,605,1614,8386
"104",104,139,0.173627651749711,0.0897167353686795,0.202310103349587,0.251419300657774,0.112593367980907,0.17,605,1614,8386
"105",105,139,0.498181131582268,0.00319707376735799,0.00374441484517006,0.0882695338690866,0.000547341077812075,0.17,605,1614,8386
"106",106,139,2.70645749227873e-05,-0.0176833623363835,0.451788985880967,0.368171126280644,0.469472348217351,0.17,605,1614,8386
"107",107,139,0.721083585372214,0.0342843802632235,-0.0358607773523255,0.0793707587712575,-0.070145157615549,0.17,605,1614,8386
"108",108,139,0.00822136210438821,-0.0345144552018788,0.236088285429102,0.287159069908734,0.270602740630981,0.17,605,1614,8386
"109",109,139,0.102645044649054,0.0748607279606957,0.222159105004758,0.200964675397483,0.147298377044062,0.17,605,1614,8386
"110",110,139,0.00035301876733259,0.0911420595522406,0.51592016444759,0.587309721942358,0.424778104895349,0.17,605,1614,8386
"111",111,139,0.261848248344579,-0.0818425294246096,-0.00176843951716242,0.0220008390267504,0.0800740899074472,0.17,605,1614,8386
"112",112,139,0.531583311847217,0.091158684945649,0.0819141861081599,0.00853320199275064,-0.00924449883748904,0.17,605,1614,8386
"113",113,139,0.0135716806213514,0.118647585318938,0.394172141253927,0.450359450623049,0.275524555934989,0.17,605,1614,8386
"114",114,139,0.499769508823843,0.0375519789596082,0.0376260321298301,0.122847234995812,7.40531702219591e-05,0.17,605,1614,8386
"115",115,139,0.115106729442741,0.013639737426907,0.156899540461413,0.126840242786898,0.143259803034506,0.17,605,1614,8386
"116",116,139,0.0367782551591453,0.00487438230408997,0.205246913717831,0.089589657170797,0.200372531413741,0.17,605,1614,8386
"117",117,139,0.0350400275423045,-0.0213923409888369,0.204628130275944,0.185137874691504,0.226020471264781,0.17,605,1614,8386
"118",118,139,0.0296405047022433,0.0143673358250143,0.244676701244055,0.25356957746873,0.230309365419041,0.17,605,1614,8386
"119",119,139,0.145245253377452,-0.112878299324471,0.018826635063613,0.186472191988528,0.131704934388084,0.17,605,1614,8386
"120",120,139,0.661527258629021,0.144241977855894,0.0936071509694159,0.0391195641278057,-0.0506348268864784,0.17,605,1614,8386
"121",121,139,0.00172582702366854,0.0875151897040099,0.43372532581524,0.419985476084339,0.34621013611123,0.17,605,1614,8386
"122",122,139,0.0184180458688406,-0.0551287502408665,0.195722129887433,0.151847059630277,0.2508508801283,0.17,605,1614,8386
"123",123,139,0.484972235369266,-0.100879017723974,-0.0961729905799673,0.0117321082960885,0.00470602714400704,0.17,605,1614,8386
"124",124,139,0.157117027793753,0.0943431491426983,0.213570140119618,0.316451303598114,0.11922699097692,0.17,605,1614,8386
"125",125,139,0.216840530051665,0.0213925416303521,0.109754814342993,0.0452428788168274,0.0883622727126411,0.17,605,1614,8386
"126",126,139,0.000487846619751387,-0.129940906280475,0.275140226600539,0.226294613473732,0.405081132881014,0.17,605,1614,8386
"127",127,139,0.000166591994665983,0.0960736220505515,0.509567713367239,0.543814200743703,0.413494091316687,0.17,605,1614,8386
"128",128,139,1.68136105909013e-05,-0.0705957236850445,0.416921706474169,0.396066684067408,0.487517430159214,0.17,605,1614,8386
"129",129,139,0.64264031394092,0.0915148479975207,0.0469144242275479,0.0633070269076722,-0.0446004237699728,0.17,605,1614,8386
"130",130,139,0.834949911129459,0.0572543473738586,-0.0581837427627496,0.0182853591949473,-0.115438090136608,0.17,605,1614,8386
"131",131,139,1.48825617643728e-05,-0.089749684462688,0.399929999068454,0.479613050387603,0.489679683531142,0.17,605,1614,8386
"132",132,139,0.13644105535184,0.110676517045054,0.24715801852042,0.300241125814401,0.136481501475367,0.17,605,1614,8386
"133",133,139,0.0176877285411254,-0.0765803615260873,0.179582227181016,0.0895705048407112,0.256162588707103,0.17,605,1614,8386
"134",134,139,0.214572255466182,0.0649419815656041,0.163973769373565,0.204634695844237,0.0990317878079607,0.17,605,1614,8386
"135",135,139,0.290516130525061,-0.0178967045705365,0.0514640075982406,0.0507297580933375,0.0693607121687771,0.17,605,1614,8386
"136",136,139,0.00371622529315177,-0.094965618654526,0.226887118231559,0.185516141882443,0.321852736886085,0.17,605,1614,8386
"137",137,139,6.29533025003895e-05,-0.0552526380058212,0.406594208004169,0.31968062798788,0.46184684600999,0.17,605,1614,8386
"138",138,139,0.00513615683504786,-0.0781900883799449,0.234906739676495,0.11090415030646,0.31309682805644,0.17,605,1614,8386
"139",139,139,0.0131728233351033,0.12391578553187,0.396997120996414,0.52264569775479,0.273081335464544,0.17,605,1614,8386
"140",140,139,0.0397834189370732,0.0201329645478147,0.243353200147444,0.276232335360702,0.22322023559963,0.17,605,1614,8386
"141",141,139,0.0848515701064846,-0.0740465023087253,0.0947958516198152,0.136688205754475,0.168842353928541,0.17,605,1614,8386
"142",142,139,0.0173032540991262,0.100981804317767,0.346319065939982,0.31377682590749,0.245337261622215,0.17,605,1614,8386
"143",143,139,0.000552236563614649,0.0233265958523483,0.429687789478053,0.555571796656852,0.406361193625704,0.17,605,1614,8386
"144",144,139,0.319918108781891,0.0160339806097538,0.0739958457892742,0.0464006341871648,0.0579618651795204,0.17,605,1614,8386
"145",145,139,0.00557368373197536,0.0919227423658644,0.386353531715551,0.349830923472178,0.294430789349687,0.17,605,1614,8386
"146",146,139,0.00130531561538875,-0.077030283170472,0.28774429750042,0.366995673288042,0.364774580670892,0.17,605,1614,8386
"147",147,139,0.000113360343710586,0.0735536753609233,0.501325137046601,0.493755147888071,0.427771461685677,0.17,605,1614,8386
"148",148,139,0.00011915418056227,-0.091479870353863,0.328064271415871,0.378812183638595,0.419544141769734,0.17,605,1614,8386
"149",149,139,0.000784488474257189,-0.17460555845252,0.233356451545065,0.188170428631321,0.407962009997585,0.17,605,1614,8386
"150",150,139,6.98965022355365e-05,-0.11159972420291,0.323432866971284,0.352916298452655,0.435032591174193,0.17,605,1614,8386
"151",151,139,0.114952181557273,-0.0218694902016634,0.126118540577652,0.230863011336732,0.147988030779315,0.17,605,1614,8386
"152",152,139,0.19537442644541,0.0510819103793049,0.152082890578286,0.264566301873736,0.101000980198981,0.17,605,1614,8386
"153",153,139,0.175772881975915,0.195853630874812,0.307305221156509,0.199033685499555,0.111451590281698,0.17,605,1614,8386
"154",154,139,0.378463034214363,0.0706734702109374,0.110261205900716,0.0945176359935827,0.0395877356897787,0.17,605,1614,8386
"155",155,139,0.000583625088363281,-0.0119591575234446,0.380230366245511,0.377935384156826,0.392189523768956,0.17,605,1614,8386
"156",156,139,0.732567805645321,-0.00442931459347257,-0.0789765332343528,0.0162062497626823,-0.0745472186408802,0.17,605,1614,8386
"157",157,139,0.0863408991570757,-0.0304407339604465,0.127746047910425,0.124934786131464,0.158186781870871,0.17,605,1614,8386
"158",158,139,0.0341047553656758,0.111739993298738,0.342043796703032,0.252312584189493,0.230303803404294,0.17,605,1614,8386
"159",159,139,0.34665097443566,0.030638172092782,0.0798159162948237,0.24376182224485,0.0491777442020418,0.17,605,1614,8386
"160",160,139,0.0414222651276455,0.0590418428231155,0.258093262711098,0.276341558599266,0.199051419887983,0.17,605,1614,8386
"161",161,139,5.42432984833044e-05,0.0994287254019158,0.579566231584535,0.462804822291754,0.480137506182619,0.17,605,1614,8386
"162",162,139,0.347124595455361,0.0582572924512183,0.10464668801566,0.0636777094812269,0.0463893955644412,0.17,605,1614,8386
"163",163,139,0.973981103428358,0.0269731371926993,-0.191484285743391,0.052466702990944,-0.21845742293609,0.17,605,1614,8386
"164",164,139,0.797824042520301,0.0090735408044016,-0.0891211132339992,0.0376356454251847,-0.0981946540384008,0.17,605,1614,8386
"165",165,139,0.000221788878447687,-0.0374733605947566,0.384325438215393,0.474908064457503,0.42179879881015,0.17,605,1614,8386
"166",166,139,0.000528558729009521,-0.0198283046566544,0.382545841197513,0.307460648817162,0.402374145854167,0.17,605,1614,8386
"167",167,139,0.15445910018385,0.0314377283857128,0.159759946844218,0.288059817581886,0.128322218458506,0.17,605,1614,8386
"168",168,139,0.00107941697765122,-0.0821706287870661,0.289101102718372,0.345676756645763,0.371271731505438,0.17,605,1614,8386
"169",169,139,0.219426271902668,0.0931874047408752,0.190197087096261,0.30722658689312,0.0970096823553861,0.17,605,1614,8386
"170",170,139,0.00584796457567536,-0.119861588161418,0.191244643263583,0.15741098220997,0.311106231425001,0.17,605,1614,8386
"171",171,139,0.00908183362416054,0.0714435533888362,0.360028811242419,0.430696808873829,0.288585257853583,0.17,605,1614,8386
"172",172,139,4.04990953746445e-05,0.0104247225412911,0.496743449924961,0.382444041141898,0.48631872738367,0.17,605,1614,8386
"173",173,139,0.00479562279296038,-0.0543804061164877,0.275248508087552,0.148189452286964,0.329628914204039,0.17,605,1614,8386
"174",174,139,0.719917892063562,0.191010955263737,0.120429508977086,0.154256990697483,-0.0705814462866509,0.17,605,1614,8386
"175",175,139,0.0939846544618432,0.104590452791572,0.257598879976768,0.27517704246884,0.153008427185196,0.17,605,1614,8386
"176",176,139,0.120852569041558,-0.0310124480045475,0.108878100892725,0.195346051022362,0.139890548897272,0.17,605,1614,8386
"177",177,139,0.00311327044040352,-0.0293561560679771,0.292646045293666,0.378298707140851,0.322002201361643,0.17,605,1614,8386
"178",178,139,0.365014743353537,0.0938660233820176,0.135645883417936,0.156717011264861,0.0417798600359188,0.17,605,1614,8386
"179",179,139,0.284636717853834,-0.0710091961680936,0.000486893938593684,0.0321979221014524,0.0714960901066873,0.17,605,1614,8386
"180",180,139,0.000437538541044582,0.00771273563150022,0.403606793204033,0.349910241056351,0.395894057572533,0.17,605,1614,8386
"181",181,139,2.04124308758234e-10,-0.10315555530927,0.676897808567213,0.603390982627033,0.780053363876483,0.17,605,1614,8386
"182",182,139,0.0683991413148821,0.0740474316734311,0.242372439182343,0.364661325791235,0.168325007508912,0.17,605,1614,8386
"183",183,139,9.04462911923672e-10,-0.149584376444661,0.604477432227432,0.550313863342904,0.754061808672094,0.17,605,1614,8386
"184",184,139,2.99787768457622e-07,0.00641481921624062,0.624621050011597,0.580746020945775,0.618206230795356,0.17,605,1614,8386
"185",185,139,0.139569906192798,-0.015291584364158,0.109539904977915,0.0412965886263508,0.124831489342073,0.17,605,1614,8386
"186",186,139,0.17795634070929,-0.0743350924371268,0.0492018923445461,0.123029696820718,0.123536984781673,0.17,605,1614,8386
"187",187,139,0.00127157758590595,0.107378135331533,0.468655460206089,0.403022960281851,0.361277324874556,0.17,605,1614,8386
"188",188,139,5.57248048773204e-07,0.0981629474597619,0.682080714116486,0.627914335827715,0.583917766656724,0.17,605,1614,8386
"189",189,139,0.00510807294221517,0.0552026134855731,0.35594027932674,0.361314078583927,0.300737665841167,0.17,605,1614,8386
"190",190,139,9.61437588576428e-06,-0.0388075990963697,0.480773819752188,0.38457973201683,0.519581418848557,0.17,605,1614,8386
"191",191,139,0.133927158572206,0.0368796272788318,0.17558908413869,0.0722237133303741,0.138709456859858,0.17,605,1614,8386
"192",192,139,3.95449972986463e-05,-0.000627627566775546,0.466115958764192,0.301649668174498,0.466743586330967,0.17,605,1614,8386
"193",193,139,0.128681710769565,-0.0533052253645312,0.0858141910901061,0.138311956650931,0.139119416454637,0.17,605,1614,8386
"194",194,139,3.61637828890388e-05,-0.0233425062135423,0.437737498436518,0.349951553650709,0.461080004650061,0.17,605,1614,8386
"195",195,139,0.00318516276119034,-0.123532097808151,0.188055370718591,0.196856681849473,0.311587468526741,0.17,605,1614,8386
"196",196,139,0.0327502260730279,0.0405158448400216,0.25024655415391,0.154398793472197,0.209730709313888,0.17,605,1614,8386
"197",197,139,0.000671304531350268,-0.0710212585040447,0.299952258993116,0.237612500265068,0.37097351749716,0.17,605,1614,8386
"198",198,139,0.667063453507943,0.0723618114881541,0.0214072674697487,0.114163286705495,-0.0509545440184054,0.17,605,1614,8386
"199",199,139,0.526446398867787,0.0456080640111253,0.0377487300571449,0.076154807354611,-0.00785933395398038,0.17,605,1614,8386
"200",200,139,0.398997641455611,0.0041239446237001,0.0343070125365834,0.164740763786931,0.0301830679128833,0.17,605,1614,8386
"201",201,139,0.209731254849582,0.063949679985024,0.159400051622258,0.173693070322051,0.0954503716372337,0.17,605,1614,8386
"202",202,139,0.000506594696136889,-0.00560216478879457,0.405737192188469,0.377563074489231,0.411339356977264,0.17,605,1614,8386
"203",203,139,0.000462182295452608,0.038267492920553,0.413313897022153,0.457214720619145,0.3750464041016,0.17,605,1614,8386
"204",204,139,0.662419739044727,0.162870525065397,0.108002069623806,0.0611332543717609,-0.0548684554415907,0.17,605,1614,8386
"205",205,139,0.379261579657812,-0.0348242068991292,0.000622542739813558,0.124747242499063,0.0354467496389428,0.17,605,1614,8386
"206",206,139,0.0224888987313702,0.0754033017958226,0.29789768195916,0.232386190776303,0.222494380163338,0.17,605,1614,8386
"207",207,139,0.0558211973556868,-0.0504449537963108,0.132260605409393,0.146388380246091,0.182705559205703,0.17,605,1614,8386
"208",208,139,0.0233151856608541,0.0306762474456082,0.282406178400765,0.212914604363204,0.251729930955157,0.17,605,1614,8386
"209",209,139,0.209026317812668,-0.109570173666602,-0.00951499938136906,0.0926568593954917,0.100055174285233,0.17,605,1614,8386
"210",210,139,0.000699046913991023,0.129382077830651,0.515741605984345,0.64247171895298,0.386359528153693,0.17,605,1614,8386
"211",211,139,0.127050859617886,0.0196629428138299,0.152689459736937,0.129957538644129,0.133026516923107,0.17,605,1614,8386
"212",212,139,0.148386539171447,0.114648155813944,0.244533428382581,0.291844932307025,0.129885272568637,0.17,605,1614,8386
"213",213,139,0.0013846603047934,-0.0876650846652939,0.279434573672837,0.221566526527303,0.367099658338131,0.17,605,1614,8386
"214",214,139,0.00191256250000727,-0.0296625966922188,0.321737910248641,0.411745568143618,0.351400506940859,0.17,605,1614,8386
"215",215,139,0.00359798744506085,0.0155324134095547,0.34137753154264,0.22384170419611,0.325845118133085,0.17,605,1614,8386
"216",216,139,0.00119762255568941,-0.0526595318140438,0.343240781403506,0.25650919429019,0.39590031321755,0.17,605,1614,8386
"217",217,139,3.57395553033264e-07,-0.118866607279182,0.454020567751371,0.486850672498518,0.572887175030553,0.17,605,1614,8386
"218",218,139,0.0111712797900432,-0.0925343684021837,0.198172545466478,0.304503742183408,0.290706913868661,0.17,605,1614,8386
"219",219,139,4.48310776502419e-07,-0.048649577132858,0.58148302725608,0.587966896194838,0.630132604388938,0.17,605,1614,8386
"220",220,139,0.208725862068224,-0.0979412958631613,-7.63633591709802e-05,0.0743860159446218,0.0978649325039903,0.17,605,1614,8386
"221",221,139,0.0838055219317215,0.0417696492601678,0.216355167621688,0.361327971256783,0.174585518361521,0.17,605,1614,8386
"222",222,139,0.000252837456686787,-0.149539793394379,0.253932576264012,0.18108386562145,0.403472369658391,0.17,605,1614,8386
"223",223,139,0.000253647216666554,0.00273598161447512,0.455687518520173,0.380834491193351,0.452951536905698,0.17,605,1614,8386
"224",224,139,5.74551679351357e-06,-0.0180879178314783,0.559720790295982,0.336961983542636,0.57780870812746,0.17,605,1614,8386
"225",225,139,3.03215086818436e-07,-0.063824070590684,0.544252281331593,0.370880043711398,0.608076351922277,0.17,605,1614,8386
"226",226,139,0.00606556662775407,0.0817618326658508,0.388061230075262,0.390962274126112,0.306299397409411,0.17,605,1614,8386
"227",227,139,0.126541819053579,-0.0961585349617463,0.0323223005916495,0.239361174159986,0.128480835553396,0.17,605,1614,8386
"228",228,139,0.207993056608942,-0.0336600459666402,0.0693229475337807,0.0912064813617553,0.102982993500421,0.17,605,1614,8386
"229",229,139,1.55538388102827e-10,-0.0601726300022055,0.703634273964266,0.633861940748481,0.763806903966472,0.17,605,1614,8386
"230",230,139,2.72851681751177e-07,-0.0236920596905161,0.590316766480949,0.595855933943581,0.614008826171465,0.17,605,1614,8386
"231",231,139,0.0763398145835251,-0.0146964158107133,0.147243747723118,0.162175889751304,0.161940163533832,0.17,605,1614,8386
"232",232,139,0.21370669067096,0.0289738015440771,0.123499480090186,0.0122011353173539,0.0945256785461093,0.17,605,1614,8386
"233",233,139,4.99987331082953e-05,-0.0993101284584907,0.37511025991089,0.294837208711284,0.474420388369381,0.17,605,1614,8386
"234",234,139,0.0782596461124857,-0.0103409984478768,0.157798900318025,0.072612790137883,0.168139898765902,0.17,605,1614,8386
"235",235,139,0.000118703665162495,-0.0299027916917442,0.457702646380591,0.40512683338648,0.487605438072335,0.17,605,1614,8386
"236",236,139,5.81386795030704e-11,0.0847815678399249,0.821395878037093,0.851639455135595,0.736614310197169,0.17,605,1614,8386
"237",237,139,1.09345668445145e-05,0.021915511976593,0.475549025322441,0.349436486489663,0.453633513345849,0.17,605,1614,8386
"238",238,139,3.73715100086946e-05,-0.0366488191643828,0.419359704853504,0.450031600530902,0.456008524017886,0.17,605,1614,8386
"239",239,139,0.0584663368241193,-0.04313750594724,0.137154572330162,0.185450384502645,0.180292078277402,0.17,605,1614,8386
"240",240,139,3.01425975622213e-09,-0.07114706516944,0.66469933325644,0.695528419217224,0.73584639842588,0.17,605,1614,8386
"241",241,139,0.00905648159591605,-0.163164642759864,0.0868384910910352,0.127930483562839,0.2500031338509,0.17,605,1614,8386
"242",242,139,0.00373007066578473,-0.180276859930834,0.123720773332774,0.0882359224931123,0.303997633263609,0.17,605,1614,8386
"243",243,139,0.00278949609748767,-0.196175254811905,0.140825239645782,0.0135158953007882,0.337000494457687,0.17,605,1614,8386
"244",244,139,0.0157048214869845,-0.0653110369237345,0.198717417153403,0.150705532520029,0.264028454077138,0.17,605,1614,8386
"245",245,139,0.00666358094118589,-0.125188821182997,0.17502648674178,0.125278241812668,0.300215307924777,0.17,605,1614,8386
"246",246,139,6.58849022194379e-05,0.177461089282458,0.62867138735266,0.610932069944829,0.451210298070202,0.17,605,1614,8386
"247",247,139,0.000949451880059504,-0.188140174059462,0.18180961741172,0.10305185866441,0.369949791471182,0.17,605,1614,8386
"248",248,139,0.171881037544536,-0.00509601179171258,0.109105655774924,0.199900769222934,0.114201667566637,0.17,605,1614,8386
"249",249,139,0.00317750146228441,-0.0597575577160273,0.251573760105848,0.261307005453772,0.311331317821876,0.17,605,1614,8386
"250",250,139,0.848077125579927,0.224065770891149,0.0977655646797767,0.0436333214699117,-0.126300206211372,0.17,605,1614,8386
"251",251,139,0.00527785953640505,0.00251553203029959,0.309849197027391,0.226978385012821,0.307333664997091,0.17,605,1614,8386
"252",252,139,0.00046241053588568,-0.0522849002617272,0.364379016805507,0.382199946713526,0.416663917067234,0.17,605,1614,8386
"253",253,139,7.5576465269579e-05,0.030126727513037,0.49287790767737,0.489662148629409,0.462751180164333,0.17,605,1614,8386
"254",254,139,0.0400213990046982,-0.0426375190900402,0.169747491862856,0.14574776576149,0.212385010952896,0.17,605,1614,8386
"255",255,139,0.000352193582112455,-0.067219071339627,0.340469309568909,0.21976007124962,0.407688380908536,0.17,605,1614,8386
"256",256,139,0.095801606441151,-0.0897834493538903,0.0699401196080596,0.00652388675515952,0.15972356896195,0.17,605,1614,8386
"257",257,139,3.00458702016568e-06,-0.00726993161317557,0.559222093814246,0.497035145175004,0.566492025427422,0.17,605,1614,8386
"258",258,139,0.124946332511816,0.0913255922780121,0.232249785317607,0.161498611620744,0.140924193039595,0.17,605,1614,8386
"259",259,139,0.713057894757961,0.0162771575255828,-0.05204493130329,0.0353757034009312,-0.0683220888288729,0.17,605,1614,8386
"260",260,139,0.155082612976875,-0.0151147969242744,0.107711966055005,0.0983419345924521,0.122826762979279,0.17,605,1614,8386
"261",261,139,3.53110880518535e-08,-0.161253085639731,0.473121477694049,0.482476059519015,0.63437456333378,0.17,605,1614,8386
"262",262,139,0.000142554423148683,-0.15284790397244,0.294733403182988,0.354016626631579,0.447581307155427,0.17,605,1614,8386
"263",263,139,0.000175493058622717,-0.0356956252969189,0.396028908311718,0.337317920141605,0.431724533608636,0.17,605,1614,8386
"264",264,139,0.92312374261846,0.123536853347392,-0.0441207026404086,0.0952846258767806,-0.1676575559878,0.17,605,1614,8386
"265",265,139,0.431280778053251,-0.0548032146659322,-0.0346840027541762,0.0887084901750489,0.020119211911756,0.17,605,1614,8386
"266",266,139,0.0879334210700892,0.0650700079066292,0.225699442174296,0.189007651679972,0.160629434267667,0.17,605,1614,8386
"267",267,139,0.0206681451756754,0.0572399270304937,0.300914881153215,0.34730431766928,0.243674954122721,0.17,605,1614,8386
"268",268,139,0.000132054088322779,0.0109645234532215,0.457047331015638,0.479599196295319,0.446082807562417,0.17,605,1614,8386
"269",269,139,1.40791348471285e-09,-0.0820976800457672,0.655602825565949,0.531947038450454,0.737700505611716,0.17,605,1614,8386
"270",270,139,0.0188704922281128,-0.00369083569830937,0.239805677949009,0.143735735939334,0.243496513647319,0.17,605,1614,8386
"271",271,139,0.128434246442144,0.0930145528436652,0.223453457970326,0.0280428702636996,0.130438905126661,0.17,605,1614,8386
"272",272,139,0.0215300404504511,-0.0926379927616332,0.160060436078541,0.165125538693695,0.252698428840174,0.17,605,1614,8386
"273",273,139,0.00135223038935212,-0.0762686744332424,0.260128492501555,0.271540581869394,0.336397166934798,0.17,605,1614,8386
"274",274,139,0.00986550536960741,0.110803838156608,0.382634808998166,0.409339002060746,0.271830970841558,0.17,605,1614,8386
"275",275,139,0.217198237568581,0.0526150144171126,0.149584777714633,0.212894765736352,0.0969697632975206,0.17,605,1614,8386
"276",276,139,0.388705034495094,0.0553022525527253,0.0876797369541692,0.192824877583441,0.0323774844014438,0.17,605,1614,8386
"277",277,139,2.26039576711142e-05,-0.0314861525073371,0.4630612069097,0.14598152771962,0.494547359417037,0.17,605,1614,8386
"278",278,139,0.00673486482389938,0.014041860279436,0.305963031603647,0.25178283895953,0.291921171324211,0.17,605,1614,8386
"279",279,139,0.0030760364855841,-0.0221083025344024,0.301463799954411,0.228288021925151,0.323572102488813,0.17,605,1614,8386
"280",280,139,0.00119842081678005,0.136871081015981,0.508721387336269,0.47456453967824,0.371850306320288,0.17,605,1614,8386
"281",281,139,1.65885878388982e-05,0.103518432553616,0.650053579859227,0.538307866946101,0.546535147305611,0.17,605,1614,8386
"282",282,139,0.219668206788322,0.046116082306085,0.140595934439777,0.262142465802459,0.0944798521336924,0.17,605,1614,8386
"283",283,139,0.0830344635347381,-0.0305669758509017,0.131612776576354,0.22545632887556,0.162179752427256,0.17,605,1614,8386
"284",284,139,2.60518278804716e-05,0.0717142031694718,0.553321066183955,0.509765032929352,0.481606863014484,0.17,605,1614,8386
"285",285,139,0.118790500544651,0.226588994329093,0.36670170445726,0.408306190855353,0.140112710128167,0.17,605,1614,8386
"286",286,139,0.0023849844200731,0.077037972290677,0.408759303338855,0.394858339926912,0.331721331048178,0.17,605,1614,8386
"287",287,139,8.53144009542212e-08,-0.0769434491675078,0.608436853754007,0.542615434036511,0.685380302921515,0.17,605,1614,8386
"288",288,139,0.0397576375508693,-0.127073591901134,0.0818309903250558,0.0846175918111783,0.20890458222619,0.17,605,1614,8386
"289",289,139,0.142412706886515,-0.0848690564945964,0.0432628839605734,0.0461132656958989,0.12813194045517,0.17,605,1614,8386
"290",290,139,0.0263614600998497,0.024335540325747,0.267472437221958,0.29376029600679,0.243136896896211,0.17,605,1614,8386
"291",291,139,0.329894164093815,0.0511505699335128,0.103230625423161,0.253289667683333,0.0520800554896483,0.17,605,1614,8386
"292",292,139,0.00100367927308621,-0.052773793429663,0.338757696151061,0.354252177625053,0.391531489580724,0.17,605,1614,8386
"293",293,139,0.0140961743710938,-0.0126728388359018,0.242960290913747,0.232092742334761,0.255633129749649,0.17,605,1614,8386
"294",294,139,0.000239558779662805,0.00589858305239494,0.428219644517729,0.382760601954058,0.422321061465334,0.17,605,1614,8386
"295",295,139,0.711781141230111,0.0122319584612199,-0.0510257246633923,0.0651894466061313,-0.0632576831246122,0.17,605,1614,8386
"296",296,139,0.0412764914097011,0.0726566613996477,0.277348153520254,0.293325610692496,0.204691492120606,0.17,605,1614,8386
"297",297,139,0.27052336248878,-0.0711858477614227,0.00149610317197598,0.0144885842642789,0.0726819509333987,0.17,605,1614,8386
"298",298,139,3.42969586914471e-05,-0.0777145362851059,0.378147697825851,0.423339221470619,0.455862234110957,0.17,605,1614,8386
"299",299,139,0.10457138294893,-0.0490758007968467,0.0983200211933545,0.0500152507204655,0.147395821990201,0.17,605,1614,8386
"300",300,139,7.64270829023992e-07,0.122507288677259,0.706549631401507,0.682927208458317,0.584042342724248,0.17,605,1614,8386
"301",301,139,0.0305584227936083,0.041537670444476,0.268272215957773,0.299908198253734,0.226734545513297,0.17,605,1614,8386
"302",302,139,0.80205102149575,0.0773108118953668,-0.025185208118845,0.0394268292758638,-0.102496020014212,0.17,605,1614,8386
"303",303,139,3.87915681166287e-06,-0.121673148829155,0.415342783470759,0.384717756839854,0.537015932299914,0.17,605,1614,8386
"304",304,139,0.645776241103194,0.129429906354219,0.086711860310633,0.0763173679025454,-0.0427180460435865,0.17,605,1614,8386
"305",305,139,0.371874147994033,0.0320694097240522,0.0687312422803368,0.0362337930921077,0.0366618325562846,0.17,605,1614,8386
"306",306,139,2.93191756342516e-07,-0.0923302525967721,0.548546570194967,0.460509753163399,0.640876822791739,0.17,605,1614,8386
"307",307,139,0.000163758868412542,-0.130566348525911,0.298990406497403,0.255629426825815,0.429556755023313,0.17,605,1614,8386
"308",308,139,0.00191202266954842,0.0582768552912199,0.410106028189487,0.303923385138756,0.351829172898267,0.17,605,1614,8386
"309",309,139,0.0276799822548483,-0.0701621908161071,0.154041853684669,0.0283401727318806,0.224204044500776,0.17,605,1614,8386
"310",310,139,0.0439557077567788,0.0192540624819477,0.235983532908554,0.305769984822506,0.216729470426606,0.17,605,1614,8386
"311",311,139,0.105548122995253,-0.130960658177028,0.0223782395281082,0.16934725811587,0.153338897705136,0.17,605,1614,8386
"312",312,139,0.0692606957738919,-0.111281374542278,0.0739362473081871,0.00158989557341874,0.185217621850465,0.17,605,1614,8386
"313",313,139,0.299912728149109,0.0519114337525503,0.113669275719685,0.12557301818949,0.0617578419671348,0.17,605,1614,8386
"314",314,139,0.0195135978149626,-0.0532069188791429,0.202431813128754,0.369959461974293,0.255638732007896,0.17,605,1614,8386
"315",315,139,8.41185103721618e-05,-0.0143441068936978,0.465333030006676,0.302228137499524,0.479677136900374,0.17,605,1614,8386
"316",316,139,0.0646052765807605,-0.0872926181301324,0.0955774078532221,0.0568596527939391,0.182870025983354,0.17,605,1614,8386
"317",317,139,1.62593436196282e-07,-0.0683845705532106,0.562170821471465,0.717340179646674,0.630555392024675,0.17,605,1614,8386
"318",318,139,2.26976380472206e-06,-0.00520971375936087,0.549895484392821,0.550735087492095,0.555105198152181,0.17,605,1614,8386
"319",319,139,0.301194410923505,-0.0878488534977802,-0.0279338402510139,0.0200802800700792,0.0599150132467663,0.17,605,1614,8386
"320",320,139,9.00660300563537e-07,-0.175190856328317,0.414400644338396,0.267989987575725,0.589591500666712,0.17,605,1614,8386
"321",321,139,0.379158977829833,0.0190519802492203,0.0582407472493425,0.0699294952891173,0.0391887670001222,0.17,605,1614,8386
"322",322,139,0.0923248556454253,0.0980499816675096,0.253822156960475,0.2704707548508,0.155772175292965,0.17,605,1614,8386
"323",323,139,0.205676837818837,-0.0374964658496354,0.0634352198574566,0.0236567838700812,0.100931685707092,0.17,605,1614,8386
"324",324,139,0.00224374807760107,-0.105527775836787,0.217663884977918,0.0815913559460228,0.323191660814706,0.17,605,1614,8386
"325",325,139,1.40898980367241e-07,-0.141611927243878,0.462349909754497,0.448928384049524,0.603961836998375,0.17,605,1614,8386
"326",326,139,0.550854776503883,0.121319576547363,0.106417255724595,0.136129425034255,-0.0149023208227684,0.17,605,1614,8386
"327",327,139,0.0132955637748059,-0.0630851207416277,0.198165627103988,0.11712625764908,0.261250747845616,0.17,605,1614,8386
"328",328,139,0.0282210791871602,0.00391944222039086,0.234708456298108,0.18124928100006,0.230789014077718,0.17,605,1614,8386
"329",329,139,0.00150443431174432,-0.237470932139071,0.118218846104054,0.160946428575699,0.355689778243126,0.17,605,1614,8386
"330",330,139,2.17006569444065e-15,-0.0802152800198794,0.872182559538128,0.774348480270689,0.952397839558007,0.17,605,1614,8386
"331",331,139,2.12856528179765e-05,0.114228557480284,0.624265607784086,0.475184485568843,0.510037050303803,0.17,605,1614,8386
"332",332,139,0.497694386516439,0.0539200091123077,0.0546975848494914,0.0602034889551863,0.000777575737183719,0.17,605,1614,8386
"333",333,139,0.00392766384546467,0.0427888193460519,0.363565307074811,0.42874370151391,0.320776487728759,0.17,605,1614,8386
"334",334,139,0.0149153623659943,0.136490079817265,0.390994158030957,0.471497566774655,0.254504078213692,0.17,605,1614,8386
"335",335,139,0.00171067533603306,-0.0186610135800304,0.300328096082285,0.302710549060115,0.318989109662316,0.17,605,1614,8386
"336",336,139,0.17475086829333,0.104524709251859,0.215897027716481,0.298114496257849,0.111372318464621,0.17,605,1614,8386
"337",337,139,0.438620712222851,0.0945628052055047,0.112748985952318,0.184861120159441,0.0181861807468131,0.17,605,1614,8386
"338",338,139,0.0287749348447087,-0.0628966190438498,0.179432529891119,0.253506602267805,0.242329148934969,0.17,605,1614,8386
"339",339,139,0.00322494802617308,0.0629669507871543,0.400397945564337,0.369489824379458,0.337430994777182,0.17,605,1614,8386
"340",340,139,0.0196788419452348,-0.0282936514870341,0.211368465395396,0.288033470188056,0.23966211688243,0.17,605,1614,8386
"341",341,139,0.00414287734266157,-0.0345908583946876,0.290856263284962,0.247526289995329,0.325447121679649,0.17,605,1614,8386
"342",342,139,2.83308569637151e-06,0.00144307189027606,0.577018755674544,0.516555278374798,0.575575683784268,0.17,605,1614,8386
"343",343,139,0.00173894161644038,-0.0759485263536291,0.273688071204763,0.336428552196143,0.349636597558392,0.17,605,1614,8386
"344",344,139,2.31192742277685e-06,0.0544493901424893,0.656214805987749,0.66228499129097,0.601765415845259,0.17,605,1614,8386
"345",345,139,0.0566499602375188,-0.0557647633427015,0.145077825972998,0.138109705417116,0.2008425893157,0.17,605,1614,8386
"346",346,139,1.10591488142357e-14,-0.120355404011484,0.846542801468935,0.826590738893071,0.966898205480419,0.17,605,1614,8386
"347",347,139,0.0159727866170574,0.0386230023419946,0.309084057957704,0.127925739626701,0.27046105561571,0.17,605,1614,8386
"348",348,139,0.0018678292577968,-0.0874659490139589,0.268729374561159,0.25556218310968,0.356195323575118,0.17,605,1614,8386
"349",349,139,0.332464426318407,0.00682898890835236,0.0568185094074115,0.065693174259428,0.0499895204990591,0.17,605,1614,8386
"350",350,139,0.0689491333618096,-0.113547286499868,0.0601562598878771,0.118930193771135,0.173703546387745,0.17,605,1614,8386
"351",351,139,0.00619795784354144,-0.108932748342011,0.177577635738626,0.105732019811864,0.286510384080637,0.17,605,1614,8386
"352",352,139,0.000709749186651044,0.0917311303999534,0.489354643630602,0.360377081086087,0.397623513230648,0.17,605,1614,8386
"353",353,139,0.0121667511893436,-0.0664964043214879,0.192847066948329,0.276175615351365,0.259343471269817,0.17,605,1614,8386
"354",354,139,0.000591312081514452,0.0559912063487049,0.459165056929762,0.283181886457246,0.403173850581057,0.17,605,1614,8386
"355",355,139,0.000276773947952722,0.0358284184329804,0.422776681345924,0.38397060924853,0.386948262912944,0.17,605,1614,8386
"356",356,139,0.0905515299493723,-0.00170428640228056,0.149191742324906,0.326437375629931,0.150896028727186,0.17,605,1614,8386
"357",357,139,0.761554848330548,-0.0132234255961386,-0.102596503532842,0.0775634486704768,-0.0893730779367038,0.17,605,1614,8386
"358",358,139,0.0076580470253653,0.0414112616010963,0.338708283489555,0.254461236859238,0.297297021888458,0.17,605,1614,8386
"359",359,139,0.134361089755116,-0.0932221424762345,0.0401092797619321,0.138130728217517,0.133331422238167,0.17,605,1614,8386
"360",360,139,0.0035075797713635,-0.0982099176845253,0.212559966096724,0.223742033249321,0.31076988378125,0.17,605,1614,8386
"361",361,139,0.00942236295203294,0.11606239524574,0.385636355015248,0.380041352038528,0.269573959769508,0.17,605,1614,8386
"362",362,139,0.221033764432168,-0.0102572109704162,0.0810772741468176,0.201863000286345,0.0913344851172338,0.17,605,1614,8386
"363",363,139,0.000346197060765908,-0.0840631424244699,0.343103159219647,0.331120965797933,0.427166301644116,0.17,605,1614,8386
"364",364,139,0.265681130844439,0.0898773785284292,0.163960939989351,0.157601242324993,0.0740835614609218,0.17,605,1614,8386
"365",365,139,0.0331448401614923,0.0489356237502261,0.292016959854926,0.247226258863203,0.2430813361047,0.17,605,1614,8386
"366",366,139,0.312377778283499,0.0627064049076193,0.122917136600186,0.213473051510994,0.0602107316925662,0.17,605,1614,8386
"367",367,139,5.52233493759098e-09,0.00509379189266227,0.703323065365873,0.549372206204692,0.69822927347321,0.17,605,1614,8386
"368",368,139,0.066800559027703,-0.00476296491593474,0.171788466012767,0.135440962629914,0.176551430928702,0.17,605,1614,8386
"369",369,139,0.546228565957296,0.111575183262635,0.0981225270991977,0.164895284920216,-0.0134526561634376,0.17,605,1614,8386
"370",370,139,0.0122816754898488,-0.107054343283936,0.16061105121563,0.153072353208863,0.267665394499567,0.17,605,1614,8386
"371",371,139,0.0905592543127457,-0.0464399706743132,0.124736023764045,0.132010370715993,0.171175994438358,0.17,605,1614,8386
"372",372,139,0.0141576429338124,0.001634315742856,0.260082976906524,0.293009855621746,0.258448661163668,0.17,605,1614,8386
"373",373,139,0.112708409903517,0.025020890863866,0.17833219097007,0.061213044844648,0.153311300106204,0.17,605,1614,8386
"374",374,139,0.413626196758871,-0.0617450411164141,-0.0346297536348117,0.0731699451806128,0.0271152874816024,0.17,605,1614,8386
"375",375,139,1.92747290440839e-11,-0.165276695526782,0.676582395652474,0.725372130805779,0.841859091179256,0.17,605,1614,8386
"376",376,139,4.71593039061217e-05,0.156665203593737,0.621628779876941,0.618831198438516,0.464963576283204,0.17,605,1614,8386
"377",377,139,0.0305015286836065,-0.168685719011529,0.0615391606641349,0.0870485210366908,0.230224879675664,0.17,605,1614,8386
"378",378,139,0.215540482785866,-0.0508169739856818,0.0395202588971917,0.0354459960852752,0.0903372328828735,0.17,605,1614,8386
"379",379,139,0.65196868106498,0.0689879146839012,0.0229932098460969,0.0117304093642273,-0.0459947048378043,0.17,605,1614,8386
"380",380,139,2.02326937383121e-08,-0.113597740122298,0.535554804575345,0.534981759690845,0.649152544697643,0.17,605,1614,8386
"381",381,139,0.0709030568384164,-0.0501237794622496,0.124431998784876,0.0594850360072047,0.174555778247125,0.17,605,1614,8386
"382",382,139,0.154885023628129,0.00026272213895469,0.124506702974804,0.19228511410133,0.12424398083585,0.17,605,1614,8386
"383",383,139,4.4496590707571e-08,-0.121673588707763,0.569022268315135,0.487155922989462,0.690695857022898,0.17,605,1614,8386
"384",384,139,0.258945732805556,-0.0606706657232243,0.0208081870815743,0.105167798876821,0.0814788528047986,0.17,605,1614,8386
"385",385,139,0.201013615584951,0.0331657205360497,0.133605424607183,0.161586750017618,0.100439704071134,0.17,605,1614,8386
"386",386,139,6.17664396542993e-05,0.0322679916327276,0.501241787830367,0.401665086958181,0.46897379619764,0.17,605,1614,8386
"387",387,139,2.21805003997175e-05,0.0556357613537104,0.585185066717036,0.543200649310552,0.529549305363325,0.17,605,1614,8386
"388",388,139,1.92263763629265e-07,-0.106954565317717,0.530307946812216,0.39629477754456,0.637262512129933,0.17,605,1614,8386
"389",389,139,0.615382054829066,0.141740843693832,0.105815626944043,0.0804422440850334,-0.035925216749789,0.17,605,1614,8386
"390",390,139,0.000972662847657513,-0.0240707279173086,0.371883622477677,0.252844669897439,0.395954350394985,0.17,605,1614,8386
"391",391,139,0.0208972565963739,0.287028462883931,0.545289084459689,0.497054937634657,0.258260621575758,0.17,605,1614,8386
"392",392,139,0.000332128807161547,-0.0523589057682698,0.392034684837064,0.264686430152297,0.444393590605334,0.17,605,1614,8386
"393",393,139,0.000940893500490884,-0.155350434336018,0.233624035809131,0.267728172513755,0.388974470145149,0.17,605,1614,8386
"394",394,139,0.309401917178204,-0.00597772054044463,0.0510351252576055,0.0432943983170702,0.0570128457980501,0.17,605,1614,8386
"395",395,139,0.051358950772217,0.00133082136847932,0.197567748242607,0.17439376907978,0.196236926874128,0.17,605,1614,8386
"396",396,139,0.0710476465456173,0.13042268160318,0.305536066795563,0.446224323717991,0.175113385192383,0.17,605,1614,8386
"397",397,139,0.357698580654929,-0.00545268519176329,0.0401675390520275,0.0922749011938825,0.0456202242437908,0.17,605,1614,8386
"398",398,139,3.29706116072531e-05,-0.0269656044768385,0.437262099804993,0.343215276029272,0.464227704281832,0.17,605,1614,8386
"399",399,139,0.0223872030591829,0.05761995503311,0.297816962344198,0.146417924015371,0.240197007311088,0.17,605,1614,8386
"400",400,139,0.652513597894657,0.143198476094126,0.0955280151654151,0.0327727068182549,-0.0476704609287106,0.17,605,1614,8386
"401",401,139,0.00480775415356927,-0.00340121335979929,0.29566007548149,0.294420521819224,0.299061288841289,0.17,605,1614,8386
"402",402,139,0.0218736409325022,-0.0669334845867119,0.184508670557628,0.094268612599648,0.251442155144339,0.17,605,1614,8386
"403",403,139,0.00314882452947697,-0.114010315517568,0.236158036254002,0.233788822350596,0.35016835177157,0.17,605,1614,8386
"404",404,139,0.000300390151881921,-0.0933173833721359,0.298973446614325,0.352800012315437,0.392290829986461,0.17,605,1614,8386
"405",405,139,0.907253591275932,0.111566012628081,-0.0485545638130846,0.0595363964817981,-0.160120576441165,0.17,605,1614,8386
"406",406,139,1.09794930878734e-08,0.0308964338101024,0.719683973225507,0.571343688981138,0.688787539415404,0.17,605,1614,8386
"407",407,139,0.00016275193089839,0.131449918560315,0.554073553025432,0.370196068782736,0.422623634465117,0.17,605,1614,8386
"408",408,139,0.00149890193761536,-0.0793194543468167,0.264023668960125,0.154906564017453,0.343343123306942,0.17,605,1614,8386
"409",409,139,0.00167570103957907,0.0931769575074632,0.466254612840632,0.337367926464702,0.373077655333169,0.17,605,1614,8386
"410",410,139,0.197960350939188,-0.00875098126354289,0.0932458602946394,0.136282390618499,0.101996841558182,0.17,605,1614,8386
"411",411,139,0.380888033289172,0.0947737430161309,0.133763607205078,0.108240474946916,0.0389898641889471,0.17,605,1614,8386
"412",412,139,0.747675203031219,0.0423411751843243,-0.0344525823043774,0.0781576782057027,-0.0767937574887017,0.17,605,1614,8386
"413",413,139,0.148927385623699,0.069608440404435,0.198097972799752,0.281646508104252,0.128489532395317,0.17,605,1614,8386
"414",414,139,0.00205560684847328,-0.0341201969063018,0.343327261307783,0.207204778377145,0.377447458214085,0.17,605,1614,8386
"415",415,139,0.380383988452487,0.00562877591179312,0.0424611130943423,0.0221789654257217,0.0368323371825491,0.17,605,1614,8386
"416",416,139,0.000307734211239644,-0.122839224562055,0.264116817716722,0.264183430516892,0.386956042278777,0.17,605,1614,8386
"417",417,139,5.02966865704842e-06,-0.140713068884728,0.399286488905249,0.334760306387521,0.539999557789977,0.17,605,1614,8386
"418",418,139,0.010909642380658,0.0149224468418536,0.295125105848679,0.299234773105652,0.280202659006825,0.17,605,1614,8386
"419",419,139,0.379229649954241,0.0487463408418825,0.0862950514216212,0.115859283091168,0.0375487105797386,0.17,605,1614,8386
"420",420,139,0.852251678093362,0.131950835523843,0.00824523985625342,0.048852643242805,-0.12370559566759,0.17,605,1614,8386
"421",421,139,5.05113923613025e-05,0.0171232066057549,0.461436234189612,0.434740349431027,0.444313027583857,0.17,605,1614,8386
"422",422,139,1.41895834874799e-05,-0.00254517263465325,0.502005100283999,0.523337757931169,0.504550272918653,0.17,605,1614,8386
"423",423,139,0.257848126552413,0.0785592044553716,0.158904736877882,0.0581612311066545,0.0803455324225108,0.17,605,1614,8386
"424",424,139,0.0024951568989477,-0.119401071561165,0.224378411013851,0.183438418018661,0.343779482575016,0.17,605,1614,8386
"425",425,139,0.00440461382235675,-0.0914052141464083,0.196153068550211,0.213301047863978,0.287558282696619,0.17,605,1614,8386
"426",426,139,0.00317943121048193,-0.191323455315121,0.13594440253089,0.0789463852788618,0.327267857846011,0.17,605,1614,8386
"427",427,139,0.39785205909956,-0.193552249649018,-0.160820837533781,0.0177194871895097,0.0327314121152367,0.17,605,1614,8386
"428",428,139,0.0340252554499907,-0.00510114624909707,0.225763224479428,0.214194947503781,0.230864370728525,0.17,605,1614,8386
"429",429,139,0.107713579021829,0.164786323264833,0.316149652602777,0.344245562304165,0.151363329337943,0.17,605,1614,8386
"430",430,139,0.00957331856252993,-0.0680723248474301,0.219434629335417,0.11075802018784,0.287506954182847,0.17,605,1614,8386
"431",431,139,0.000325249914730116,-0.0703896859529203,0.332292723295462,0.371094140151678,0.402682409248383,0.17,605,1614,8386
"432",432,139,0.216023425806692,-0.042690820558698,0.0483047845775374,0.192837884051053,0.0909956051362354,0.17,605,1614,8386
"433",433,139,0.000281996247268448,-0.0367114962503301,0.379946586802181,0.383402976340464,0.416658083052511,0.17,605,1614,8386
"434",434,139,0.0479723824508358,-0.0140534515043803,0.183825606389027,0.192948737323367,0.197879057893408,0.17,605,1614,8386
"435",435,139,4.01237182388293e-07,0.0608476304460718,0.685084979121317,0.500331440989296,0.624237348675245,0.17,605,1614,8386
"436",436,139,0.0402269896257031,0.147436307757732,0.357565925901284,0.136538588760782,0.210129618143552,0.17,605,1614,8386
"437",437,139,0.399961796277154,0.0860425436491735,0.114731406501928,0.198325239507826,0.0286888628527544,0.17,605,1614,8386
"438",438,139,0.385882072492509,0.102457830975115,0.138115910635199,0.239567084806723,0.0356580796600843,0.17,605,1614,8386
"439",439,139,0.111790985918981,0.122812485428227,0.278446460249354,0.383952593183312,0.155633974821127,0.17,605,1614,8386
"440",440,139,0.677512460564185,0.0180271060866308,-0.0389293586958658,0.00241914321398457,-0.0569564647824965,0.17,605,1614,8386
"441",441,139,0.00188653201330001,0.067812913105168,0.404304267580323,0.327762292215883,0.336491354475155,0.17,605,1614,8386
"442",442,139,0.0536123604969477,-0.0971002265536449,0.108407054508586,0.102560058674384,0.205507281062231,0.17,605,1614,8386
"443",443,139,0.0045167959981105,0.051455929762217,0.363506075114022,0.3355357817849,0.312050145351805,0.17,605,1614,8386
"444",444,139,2.35363545687996e-06,-0.0968208504223519,0.484020956288294,0.414776191198852,0.580841806710645,0.17,605,1614,8386
"445",445,139,0.00649190857643491,-0.00201010729532577,0.305515578258132,0.245428748796057,0.307525685553458,0.17,605,1614,8386
"446",446,139,0.00606289080765262,0.119762548452918,0.407922659095983,0.442911242091324,0.288160110643065,0.17,605,1614,8386
"447",447,139,0.0070608954401409,0.00249041703621386,0.294767809028513,0.36344214915434,0.292277391992299,0.17,605,1614,8386
"448",448,139,0.00976693357888535,0.0799514667927559,0.372938877745294,0.312689354388107,0.292987410952538,0.17,605,1614,8386
"449",449,139,0.0876691498491784,-0.00106160995068241,0.156203956644775,0.18850571429599,0.157265566595457,0.17,605,1614,8386
"450",450,139,0.324835044384263,0.0459334743195252,0.102585282924354,0.287297683466515,0.056651808604829,0.17,605,1614,8386
"451",451,139,0.00146111032051414,0.181142080653542,0.536798296634886,0.404479718068225,0.355656215981343,0.17,605,1614,8386
"452",452,139,0.0174271394443601,-0.142864610200492,0.11671227788257,0.0658610065915707,0.259576888083063,0.17,605,1614,8386
"453",453,139,0.00959088195883876,-0.0372469273872167,0.229136600925498,0.30914788881857,0.266383528312715,0.17,605,1614,8386
"454",454,139,0.0142339581273615,-0.0705810666264744,0.193329497167715,0.193061879306534,0.263910563794189,0.17,605,1614,8386
"455",455,139,0.0831546563505371,0.0115993011975475,0.175324129222244,0.200212468426824,0.163724828024696,0.17,605,1614,8386
"456",456,139,6.19815932890752e-13,-0.106772478334915,0.782660938304701,0.596194018911166,0.889433416639616,0.17,605,1614,8386
"457",457,139,0.799012577603534,0.140156135724194,0.0342961238583859,0.10661269214574,-0.105860011865808,0.17,605,1614,8386
"458",458,139,0.00403279661176991,0.118082966639063,0.446740175296469,0.309993775360633,0.328657208657407,0.17,605,1614,8386
"459",459,139,0.0929934140288828,-0.079646671553881,0.0776129200336748,0.116780903717983,0.157259591587556,0.17,605,1614,8386
"460",460,139,5.60626856435945e-05,-0.0737678280622549,0.359750148507988,0.298097624583907,0.433517976570243,0.17,605,1614,8386
"461",461,139,0.00378778570669638,-0.151095715998459,0.150440909885376,0.12613331071279,0.301536625883835,0.17,605,1614,8386
"462",462,139,0.204133055833947,0.0616512590899449,0.155767879997533,0.148786322988709,0.0941166209075885,0.17,605,1614,8386
"463",463,139,0.481626762603115,0.186616511958947,0.192213553441572,0.0921966677057669,0.00559704148262524,0.17,605,1614,8386
"464",464,139,0.00215656901147995,-0.0890805299641523,0.25991106661857,0.25079350379938,0.348991596582722,0.17,605,1614,8386
"465",465,139,0.46975181301174,-0.0367446177037149,-0.027776598980907,0.0524155729537766,0.00896801872280784,0.17,605,1614,8386
"466",466,139,0.0067403284459703,0.0168874121816743,0.336766414394852,0.325348257150115,0.319879002213178,0.17,605,1614,8386
"467",467,139,0.328275405681101,0.0062333308148041,0.0533031303178165,0.0142372912272864,0.0470697995030124,0.17,605,1614,8386
"468",468,139,0.0054158648975538,0.157644241029102,0.450931967937477,0.502417245505936,0.293287726908375,0.17,605,1614,8386
"469",469,139,0.755280336678668,0.00853391630705849,-0.0720161701756068,0.053449744933025,-0.0805500864826653,0.17,605,1614,8386
"470",470,139,0.532394076566049,-0.0210686833536085,-0.030700697992043,0.027614165343596,-0.00963201463843448,0.17,605,1614,8386
"471",471,139,0.0013749820568223,-0.240702431870802,0.120648699688598,0.187334710007148,0.3613511315594,0.17,605,1614,8386
"472",472,139,0.0114082852675733,-0.0835191101594161,0.205612592281162,0.253834529654094,0.289131702440578,0.17,605,1614,8386
"473",473,139,0.000790272049722002,0.0540674008324787,0.42561675810919,0.356160071828809,0.371549357276711,0.17,605,1614,8386
"474",474,139,0.680548632845201,0.0459347534594585,-0.005385541346138,0.01570004091937,-0.0513202948055965,0.17,605,1614,8386
"475",475,139,4.26418754989424e-08,-0.121668101908515,0.549518330182375,0.489149229813456,0.67118643209089,0.17,605,1614,8386
"476",476,139,0.60625802726403,0.0809195971734875,0.0471021479078458,0.105131989137518,-0.0338174492656417,0.17,605,1614,8386
"477",477,139,0.657055130801854,0.0407140642336185,-0.00789931421829909,0.04400215422499,-0.0486133784519176,0.17,605,1614,8386
"478",478,139,0.00917255584934297,-0.101362351197383,0.182818731568407,0.0475922224297529,0.28418108276579,0.17,605,1614,8386
"479",479,139,0.437752279714345,0.0693236588379419,0.0883461794997437,0.0748494649519423,0.0190225206618018,0.17,605,1614,8386
"480",480,139,4.1004586680055e-06,0.0285943484847827,0.547302030550747,0.449544864872958,0.518707682065964,0.17,605,1614,8386
"481",481,139,2.90199647060655e-06,-0.0183828045638772,0.528147287704463,0.594479489922834,0.54653009226834,0.17,605,1614,8386
"482",482,139,0.0010454447234907,-0.0774582941818414,0.300607995014159,0.354506322134075,0.378066289196,0.17,605,1614,8386
"483",483,139,0.000662232984035989,-0.165904088311733,0.214609425517733,0.269462486308587,0.380513513829466,0.17,605,1614,8386
"484",484,139,0.00355753609816903,-0.0598186180748765,0.271986370027343,0.170246232415914,0.331804988102219,0.17,605,1614,8386
"485",485,139,0.000163008371066262,0.0808843719249926,0.491899625568861,0.477974091164204,0.411015253643868,0.17,605,1614,8386
"486",486,139,0.00189220095145648,-0.0512944034522514,0.296428622573219,0.324217504449912,0.34772302602547,0.17,605,1614,8386
"487",487,139,0.636899794067475,-0.0214697339181754,-0.0649893790765709,0.0546331599069144,-0.0435196451583955,0.17,605,1614,8386
"488",488,139,1.66779247205525e-05,-0.0710346382726407,0.435672235378102,0.389627135997339,0.506706873650742,0.17,605,1614,8386
"489",489,139,0.502682273496276,-0.110800980421864,-0.111627739168932,0.027597933508133,-0.000826758747067544,0.17,605,1614,8386
"490",490,139,0.198413286211766,0.137197538072539,0.239195644448302,0.154239474309945,0.101998106375764,0.17,605,1614,8386
"491",491,139,0.0191518004570417,-0.0630367423453826,0.190542636959924,0.146896364679999,0.253579379305307,0.17,605,1614,8386
"492",492,139,0.765351389533571,0.148898666433704,0.0612685316158311,0.0484211892908521,-0.0876301348178729,0.17,605,1614,8386
"493",493,139,0.234781742888532,0.00767441902137672,0.100122112270019,0.179227661544409,0.0924476932486422,0.17,605,1614,8386
"494",494,139,0.281814538691615,0.00478194364446782,0.0721882600129375,0.0744269276334335,0.0674063163684697,0.17,605,1614,8386
"495",495,139,1.69949939859169e-05,-0.0127661273205268,0.4834322486264,0.422040947896746,0.496198375946926,0.17,605,1614,8386
"496",496,139,2.23771938905684e-13,-0.167282698877247,0.727822447118046,0.590635537662978,0.895105145995294,0.17,605,1614,8386
"497",497,139,0.281488129598066,-0.00129479591391344,0.0597963885529402,0.0752279272885234,0.0610911844668537,0.17,605,1614,8386
"498",498,139,0.085243762794505,0.123842216131835,0.287984843724071,0.350787851754423,0.164142627592236,0.17,605,1614,8386
"499",499,139,0.935062697381782,0.120394561304527,-0.0565805279561046,0.0695303844865905,-0.176975089260632,0.17,605,1614,8386
"500",500,139,0.996722535227914,0.0773909639186811,-0.279648925769961,0.00565005231841552,-0.357039889688642,0.17,605,1614,8386
"501",501,139,0.00011320017552125,0.0446161027186587,0.476769169479811,0.429354369065173,0.432153066761153,0.17,605,1614,8386
"502",502,139,0.00322861144098674,-0.16582008139375,0.164641029347981,0.172539678293356,0.330461110741732,0.17,605,1614,8386
"503",503,139,0.0257512465156689,0.0102261499902648,0.232565836443472,0.101084005426685,0.222339686453207,0.17,605,1614,8386
"504",504,139,2.969523999731e-07,0.0368921210321899,0.612790103857349,0.740751027583695,0.575897982825159,0.17,605,1614,8386
"505",505,139,0.00710757900693806,-0.0309083796508099,0.252912061050263,0.135410605477153,0.283820440701073,0.17,605,1614,8386
"506",506,139,1.41195848572286e-08,0.0483335479483675,0.772778342492338,0.774860314374527,0.72444479454397,0.17,605,1614,8386
"507",507,139,5.22001254904338e-08,-0.0887073376261305,0.59802508535712,0.50215831719563,0.68673242298325,0.17,605,1614,8386
"508",508,139,6.27232724461755e-06,-0.0105316514657799,0.527962547569214,0.413164604187859,0.538494199034994,0.17,605,1614,8386
"509",509,139,2.00141376429948e-13,-0.110090643539081,0.766300327842319,0.848211690152558,0.8763909713814,0.17,605,1614,8386
"510",510,139,0.459159372327696,0.00617027389089666,0.0185062404125313,0.0988662357079587,0.0123359665216347,0.17,605,1614,8386
"511",511,139,0.000397449960533803,-0.0436076323388364,0.370853735763146,0.221964611433916,0.414461368101982,0.17,605,1614,8386
"512",512,139,0.0109843444716732,-0.104960942232715,0.173236697776394,0.120771795025374,0.278197640009109,0.17,605,1614,8386
"513",513,139,0.437829245855432,-0.0500278927561664,-0.0309951531729224,0.0533278703756705,0.019032739583244,0.17,605,1614,8386
"514",514,139,5.45950879278904e-05,-0.0290436349756687,0.449415309903947,0.484491977211678,0.478458944879616,0.17,605,1614,8386
"515",515,139,0.000730647230294904,-0.0158152295208548,0.37093656595124,0.396979187349622,0.386751795472095,0.17,605,1614,8386
"516",516,139,1.61739698893086e-05,-0.0304860521644926,0.460175593471488,0.431476098031185,0.49066164563598,0.17,605,1614,8386
"517",517,139,0.0424177061592741,0.0140658184581915,0.227543818620036,0.215409087923925,0.213478000161845,0.17,605,1614,8386
"518",518,139,3.24385350395278e-06,0.0794477066228655,0.65935835545919,0.671145967917037,0.579910648836324,0.17,605,1614,8386
"519",519,139,0.0513063998545697,-0.00462722104763821,0.184745847959748,0.107437381605751,0.189373069007386,0.17,605,1614,8386
"520",520,139,0.00431975312016538,0.0185405157291081,0.33679428011747,0.120437013443674,0.318253764388362,0.17,605,1614,8386
"521",521,139,0.0103761735455861,0.071223515627347,0.331199183046795,0.226989085718238,0.259975667419448,0.17,605,1614,8386
"522",522,139,0.0473465620437789,0.067952448983576,0.263594790946404,0.286561638300933,0.195642341962828,0.17,605,1614,8386
"523",523,139,1.988472137538e-05,-0.0460822225693649,0.45278203291078,0.554862740856989,0.498864255480144,0.17,605,1614,8386
"524",524,139,0.295181109357009,-0.0935674205201662,-0.0318810807015353,0.0400758117408627,0.0616863398186309,0.17,605,1614,8386
"525",525,139,0.603247959129323,0.00406162582940617,-0.0279248418946736,0.0421756389542477,-0.0319864677240798,0.17,605,1614,8386
"526",526,139,0.264320622377966,0.02659082193382,0.0982489022947413,0.0113976298668686,0.0716580803609213,0.17,605,1614,8386
"527",527,139,0.471888424343557,-0.0526010234039431,-0.0441231345324519,0.0760497552832851,0.00847788887149122,0.17,605,1614,8386
"528",528,139,0.242573368742659,0.1823989531441,0.266904980218917,0.238269581468933,0.0845060270748161,0.17,605,1614,8386
"529",529,139,3.66275243675237e-12,-0.0882779179966742,0.749062849884141,0.703876026460594,0.837340767880815,0.17,605,1614,8386
"530",530,139,0.176237984203329,-0.028980587462004,0.0846579394057637,0.155833509334572,0.113638526867768,0.17,605,1614,8386
"531",531,139,0.140324357312262,-0.0339437326075135,0.0927481234252927,0.0826610969556775,0.126691856032806,0.17,605,1614,8386
"532",532,139,0.0375110524516914,-0.0238343141680384,0.201469019617268,0.26015738436615,0.225303333785307,0.17,605,1614,8386
"533",533,139,0.0210068567851779,-0.0492588840301799,0.188455946988293,0.230201551823951,0.237714831018473,0.17,605,1614,8386
"534",534,139,0.00070433147216543,0.0554783335257637,0.460909158959296,0.454313826714759,0.405430825433533,0.17,605,1614,8386
"535",535,139,0.000201845844690361,0.012474196405251,0.457088749353354,0.37522100529872,0.444614552948103,0.17,605,1614,8386
"536",536,139,0.00271676776600093,0.00754384496540462,0.332230193307938,0.272026334567893,0.324686348342533,0.17,605,1614,8386
"537",537,139,0.0704967097660704,0.0617256961702546,0.2376190124115,0.306558200852426,0.175893316241246,0.17,605,1614,8386
"538",538,139,0.291291803101922,0.0596809518081541,0.124637209111843,0.104289388936067,0.064956257303689,0.17,605,1614,8386
"539",539,139,0.233505874681212,0.00913282471578412,0.0933032514135747,0.0826902041737588,0.0841704266977906,0.17,605,1614,8386
"540",540,139,0.485298277641418,-0.00934481373885594,-0.00473703788007689,0.0834039777365092,0.00460777585877905,0.17,605,1614,8386
"541",541,139,5.80888505386751e-05,0.135762038432009,0.611339959647393,0.401258505582729,0.475577921215384,0.17,605,1614,8386
"542",542,139,0.000291403171133628,0.0161950194173354,0.436325869190261,0.572082241210867,0.420130849772926,0.17,605,1614,8386
"543",543,139,0.00151709749729659,-0.00763922420172697,0.368289081010246,0.349745004947976,0.375928305211973,0.17,605,1614,8386
"544",544,139,0.467748088002307,0.038972141421605,0.0480140558078563,0.209644809881762,0.00904191438625131,0.17,605,1614,8386
"545",545,139,9.85744968860207e-05,-0.104259776732841,0.36480309811608,0.242671577292536,0.469062874848921,0.17,605,1614,8386
"546",546,139,2.02299954409886e-08,0.0759885872308451,0.770941608751554,0.592033283543116,0.694953021520708,0.17,605,1614,8386
"547",547,139,0.255487916174931,-0.0327177963612689,0.0436552687976346,0.0266281837317872,0.0763730651589035,0.17,605,1614,8386
"548",548,139,0.0901911726413906,0.105704546127016,0.262896429433121,0.289892119796075,0.157191883306104,0.17,605,1614,8386
"549",549,139,0.0909644234302797,0.0104486119003126,0.180768211152142,0.227358856419453,0.170319599251829,0.17,605,1614,8386
"550",550,139,0.000202930380293269,0.0373902281167357,0.499776269039024,0.606828773019917,0.462386040922289,0.17,605,1614,8386
"551",551,139,0.0388264434537497,-0.117213074346254,0.115661161656445,0.172450246909431,0.232874236002699,0.17,605,1614,8386
"552",552,139,0.0575476588796861,0.0213266491424332,0.200304143825598,0.19077076029866,0.178977494683165,0.17,605,1614,8386
"553",553,139,2.91172728048716e-05,0.0328200297139511,0.50539644918195,0.422362763739291,0.472576419467999,0.17,605,1614,8386
"554",554,139,0.0132771098527166,0.0393588614964906,0.294227663689019,0.183848223673831,0.254868802192529,0.17,605,1614,8386
"555",555,139,0.367080257323457,-0.0606458137027244,-0.0190368709212231,0.0996341903906518,0.0416089427815014,0.17,605,1614,8386
"556",556,139,0.191751766878464,0.00438676841740215,0.106602181911785,0.0454951049417652,0.102215413494383,0.17,605,1614,8386
"557",557,139,0.000116525100602147,-0.102684565578623,0.340024339913446,0.208154478106311,0.442708905492069,0.17,605,1614,8386
"558",558,139,0.56661444650464,0.221073076039298,0.201388302751432,0.125631337307842,-0.0196847732878659,0.17,605,1614,8386
"559",559,139,0.284077423950401,-0.0243713350384048,0.0470918536344061,0.0711761149825705,0.0714631886728109,0.17,605,1614,8386
"560",560,139,0.007373848812085,-0.0297879323489473,0.261731479747531,0.328641387406392,0.291519412096478,0.17,605,1614,8386
"561",561,139,0.0240505287707522,0.0296361948109093,0.275011440411891,0.361826093016974,0.245375245600982,0.17,605,1614,8386
"562",562,139,0.0493984316006504,-0.0719903963802087,0.126928058922334,0.030057259905031,0.198918455302543,0.17,605,1614,8386
"563",563,139,0.0010479074387974,0.1252454870141,0.471209281676894,0.520014534399448,0.345963794662794,0.17,605,1614,8386
"564",564,139,0.465130000787145,0.0953268043318717,0.106060523677454,0.150148341454404,0.0107337193455819,0.17,605,1614,8386
"565",565,139,0.0152799613905843,0.0477442890146811,0.316738069473323,0.224721568354778,0.268993780458641,0.17,605,1614,8386
"566",566,139,0.00014667661789569,-0.00398018236422677,0.437578226689616,0.425284907006799,0.441558409053842,0.17,605,1614,8386
"567",567,139,0.0102546281482087,0.0138705573839752,0.286060758007261,0.2441197237074,0.272190200623286,0.17,605,1614,8386
"568",568,139,0.211301542541124,-0.136302327461525,-0.0458401142521961,0.0446963416848128,0.0904622132093294,0.17,605,1614,8386
"569",569,139,0.051068991423817,-0.0372825089524769,0.142258470087237,0.150154188440607,0.179540979039714,0.17,605,1614,8386
"570",570,139,0.109156138570664,-0.0782151617513348,0.0650590623767349,0.0798830725558341,0.14327422412807,0.17,605,1614,8386
"571",571,139,0.0179016693651768,-0.183712253015548,0.0585637013571484,0.185300723694514,0.242275954372697,0.17,605,1614,8386
"572",572,139,0.37725742650562,0.0037527713271412,0.0391328077601575,0.0259141749378,0.0353800364330163,0.17,605,1614,8386
"573",573,139,0.0029670503870166,0.161346198283423,0.498221819110534,0.497174991366286,0.336875620827112,0.17,605,1614,8386
"574",574,139,0.00467969420529296,0.0609712857731023,0.356645639028459,0.310795082303593,0.295674353255356,0.17,605,1614,8386
"575",575,139,1.95890589227716e-05,-0.00130404853503144,0.495565517003007,0.579676069674379,0.496869565538038,0.17,605,1614,8386
"576",576,139,0.252653644816008,-0.0415630919830011,0.044655574165151,0.0618309429221327,0.0862186661481521,0.17,605,1614,8386
"577",577,139,0.481893542238177,0.137938845251311,0.143375483346915,0.0807024771700693,0.00543663809560396,0.17,605,1614,8386
"578",578,139,0.62783377744089,-0.160327819252177,-0.2011489365078,0.000244423554338985,-0.0408211172556233,0.17,605,1614,8386
"579",579,139,1.82039225820692e-07,-0.109703891131842,0.51378158083366,0.464091160407446,0.623485471965502,0.17,605,1614,8386
"580",580,139,0.106546001619214,-0.0465239224496376,0.104018914890389,0.186938096340788,0.150542837340027,0.17,605,1614,8386
"581",581,139,0.519354977841458,0.088599154371013,0.0825193287922138,0.20823903786828,-0.00607982557879923,0.17,605,1614,8386
"582",582,139,1.92580191926101e-06,-0.102154841609728,0.452113903324133,0.462482494263057,0.554268744933861,0.17,605,1614,8386
"583",583,139,0.0379816019433467,-0.0152905526974588,0.204794963398581,0.229978127846822,0.22008551609604,0.17,605,1614,8386
"584",584,139,0.00454845725135385,-0.0223876273007764,0.2824509785295,0.27459451340199,0.304838605830276,0.17,605,1614,8386
"585",585,139,3.58467779834172e-06,-0.0580859535674526,0.483091427321248,0.477401796496502,0.5411773808887,0.17,605,1614,8386
"586",586,139,0.000287203508215093,-0.0604003201777395,0.363767099129337,0.271776298324844,0.424167419307077,0.17,605,1614,8386
"587",587,139,0.0533727913038659,0.00991128549899926,0.20635833039909,0.225642050418029,0.196447044900091,0.17,605,1614,8386
"588",588,139,0.0872613841504538,0.0248764059442706,0.182444603673459,0.297743543783619,0.157568197729188,0.17,605,1614,8386
"589",589,139,0.0967146642619789,0.0301093862076787,0.186000910756315,0.254753292994378,0.155891524548637,0.17,605,1614,8386
"590",590,139,0.746296133594065,0.179627304420481,0.104614556773513,0.205327811620188,-0.0750127476469676,0.17,605,1614,8386
"591",591,139,8.2891401801965e-05,-0.0753606941231068,0.350433933354889,0.373631261399631,0.425794627477996,0.17,605,1614,8386
"592",592,139,0.0477787187624342,0.00174447513617494,0.200003145444841,0.203822469627047,0.198258670308666,0.17,605,1614,8386
"593",593,139,0.0311047104253966,0.15204452450905,0.377264562133975,0.315860794823989,0.225220037624925,0.17,605,1614,8386
"594",594,139,0.944278268404923,0.118960549962949,-0.074529728991314,0.0231939734909164,-0.193490278954263,0.17,605,1614,8386
"595",595,139,1.46855762827306e-11,-0.0361331143008239,0.790184131660547,0.789007240898387,0.826317245961371,0.17,605,1614,8386
"596",596,139,0.199239364758506,0.0536326096838163,0.155824840306364,0.23297806034231,0.102192230622548,0.17,605,1614,8386
"597",597,139,0.0165008016022566,-0.105297755838967,0.144273429987095,0.241228275825308,0.249571185826061,0.17,605,1614,8386
"598",598,139,5.04629093975448e-05,-0.0520613485539039,0.399541742029749,0.273715456669203,0.451603090583653,0.17,605,1614,8386
"599",599,139,0.744583465819686,0.0597048947985954,-0.0228573466336814,0.174663232124548,-0.0825622414322768,0.17,605,1614,8386
"600",600,139,9.98735559352448e-05,-0.0328730416086291,0.396630074007748,0.336202263066074,0.429503115616377,0.17,605,1614,8386
"601",601,139,0.137244595089817,0.150021842174203,0.277645186744366,0.162264927013966,0.127623344570163,0.17,605,1614,8386
"602",602,139,0.0119840127510977,0.0496647288521992,0.306777733817975,0.343355030610133,0.257113004965776,0.17,605,1614,8386
"603",603,139,0.0600570790124542,0.0509856809413956,0.232106463162548,0.2712769748919,0.181120782221152,0.17,605,1614,8386
"604",604,139,0.0477597888531869,-0.16806804415705,0.0352060524628522,0.127233028443044,0.203274096619902,0.17,605,1614,8386
"605",605,139,3.60957222409437e-13,-0.119979893537561,0.73535978024602,0.587282070118905,0.855339673783581,0.17,605,1614,8386
