"","rep_no","totalN","p_value","mean_control","mean_treatment","ES_true","d_emp","prev_pop","rep_attempts","all_positives","all_negatives"
"1",1,7,0.140634054413691,-0.632082765275339,-0.144418538115923,0.0120110168713013,0.487664227159416,0.17,639,1636,8364
"2",2,10,0.265023486123666,0.166820421949249,0.429425948571818,0.545173339590272,0.262605526622569,0.17,639,1636,8364
"3",3,12,0.0744163114480293,-0.0544488622501541,0.428610973980938,0.159203105456216,0.483059836231092,0.17,639,1636,8364
"4",4,14,0.32131721734041,0.0218061014686474,0.194323662904273,0.298218265215844,0.172517561435626,0.17,639,1636,8364
"5",5,8,0.546606773767503,0.496535848975307,0.425245409405527,0.152650155225267,-0.0712904395697797,0.17,639,1636,8364
"6",6,11,0.0438015425843913,0.00716513353117868,0.798966282459278,0.35994235889878,0.791801148928099,0.17,639,1636,8364
"7",7,11,0.246262007138783,-0.0531471183018781,0.351239335624357,0.0140164982363179,0.404386453926235,0.17,639,1636,8364
"8",8,8,0.0333094869431068,0.384347206759015,1.11785239903909,0.20847762679541,0.733505192280074,0.17,639,1636,8364
"9",9,9,0.0158471329836651,-0.337006607752069,0.837703187391811,0.416331157474236,1.17470979514388,0.17,639,1636,8364
"10",10,6,0.368733607816106,0.423641063204865,0.72989327668677,0.330988187755262,0.306252213481905,0.17,639,1636,8364
"11",11,24,0.292578160569028,-0.219763929869687,-0.0444342101497008,0.0243538542163123,0.175329719719986,0.17,639,1636,8364
"12",12,13,0.796627057376006,0.246905107980855,-0.0289684423895288,0.398169878753063,-0.275873550370383,0.17,639,1636,8364
"13",13,12,0.573446075150631,0.123224903420901,0.0519719316228477,0.15318478584147,-0.0712529717980532,0.17,639,1636,8364
"14",14,13,0.369422909981389,-0.0961934170012077,0.0463959283560374,0.4779266178194,0.142589345357245,0.17,639,1636,8364
"15",15,22,0.103548442537029,-0.376118943027129,0.0054616755841068,0.285632088821298,0.381580618611235,0.17,639,1636,8364
"16",16,10,0.0374408478864201,-0.0662308747852433,0.718553647332678,0.268471885074966,0.784784522117921,0.17,639,1636,8364
"17",17,16,0.198592964246761,-0.00720622965616917,0.2769715920305,0.556849399539901,0.284177821686669,0.17,639,1636,8364
"18",18,6,0.0122574383950235,-0.309586693417273,0.91864376634594,0.480297608430074,1.22823045976321,0.17,639,1636,8364
"19",19,23,0.655447533605793,0.0416792427044327,-0.0646759812486286,0.331675309901933,-0.106355223953061,0.17,639,1636,8364
"20",20,10,0.108380428345511,0.186549687281087,0.735105285975001,0.587274268350869,0.548555598693914,0.17,639,1636,8364
"21",21,14,0.876906640891469,0.479885459475394,0.0561234497279964,0.165849316470181,-0.423762009747398,0.17,639,1636,8364
"22",22,21,0.183986588171632,-0.0847795837647601,0.174412901149855,0.50486873845783,0.259192484914616,0.17,639,1636,8364
"23",23,11,0.96528132637412,0.435679439278502,-0.21503990709831,0.0567709403543513,-0.650719346376811,0.17,639,1636,8364
"24",24,14,0.344916016083964,0.132674453394107,0.294992243326287,0.173651912313269,0.16231778993218,0.17,639,1636,8364
"25",25,10,0.0931840728915533,-0.0157549201902753,0.54613186414279,0.205572707205293,0.561886784333066,0.17,639,1636,8364
"26",26,21,0.18605314044327,0.0721997792960457,0.371990544695194,0.292207297351722,0.299790765399148,0.17,639,1636,8364
"27",27,12,0.024990044105504,-0.0710197484025285,0.905803358357324,0.625588757702781,0.976823106759853,0.17,639,1636,8364
"28",28,14,0.155161324542171,-0.134766338159806,0.194994826687003,0.38278827566745,0.329761164846809,0.17,639,1636,8364
"29",29,8,0.71639151051781,0.200639790544044,-0.07870086189311,0.13877536469268,-0.279340652437154,0.17,639,1636,8364
"30",30,12,0.338147727662104,0.0872031373360085,0.192432672126442,0.206147554664499,0.105229534790434,0.17,639,1636,8364
"31",31,12,0.551937324858532,0.151711583639319,0.0957528328317081,0.230030096472379,-0.0559587508076105,0.17,639,1636,8364
"32",32,16,0.0396531459731374,-0.214077357310883,0.473040274941083,0.0955828961158072,0.687117632251965,0.17,639,1636,8364
"33",33,21,0.626891380874007,0.160164443612882,0.053099813519241,0.0748184159719321,-0.107064630093641,0.17,639,1636,8364
"34",34,18,0.824784736033148,0.255084107008998,-0.0182148660702522,0.0246342078988719,-0.27329897307925,0.17,639,1636,8364
"35",35,16,0.147174559896102,-0.366406535260118,0.0705690369829035,0.0833018617411867,0.436975572243021,0.17,639,1636,8364
"36",36,16,0.238549998619332,-0.20371174456215,0.105511118294435,0.237187493597207,0.309222862856585,0.17,639,1636,8364
"37",37,12,0.0660498210906607,-0.0884880243666588,0.489400455935995,0.405159504236892,0.577888480302653,0.17,639,1636,8364
"38",38,13,0.173598220508416,-0.118330464877199,0.221476652592424,0.309352979596694,0.339807117469623,0.17,639,1636,8364
"39",39,14,0.241492875614238,0.0197268685981539,0.352605403470405,0.0707092652629032,0.332878534872251,0.17,639,1636,8364
"40",40,9,0.42758832926772,-0.00438114444172882,0.0846724777033543,0.117733010500478,0.0890536221450831,0.17,639,1636,8364
"41",41,8,0.189433459929486,-0.277041491945912,0.230066213880793,0.22175059962126,0.507107705826705,0.17,639,1636,8364
"42",42,22,0.676538062668805,-0.15017959600436,-0.298995227194482,0.10882128371902,-0.148815631190122,0.17,639,1636,8364
"43",43,19,0.122388919283043,0.210008848134527,0.566842462027626,0.130472314607813,0.356833613893099,0.17,639,1636,8364
"44",44,10,0.0881964160294595,-0.0985563096293948,0.626791118074304,0.314180854211065,0.725347427703699,0.17,639,1636,8364
"45",45,8,0.115110479187314,-0.405258225690446,0.477248004978426,0.309430585422774,0.882506230668871,0.17,639,1636,8364
"46",46,21,0.0377414570124426,-0.118818623054592,0.35389393596953,0.428562898362586,0.472712559024122,0.17,639,1636,8364
"47",47,18,0.018912291925673,-0.498959663655129,0.313686101668484,0.0728019693708541,0.812645765323613,0.17,639,1636,8364
"48",48,9,0.392841099990512,0.370937679234568,0.507907359592406,0.23261978230753,0.136969680357838,0.17,639,1636,8364
"49",49,12,0.0387624366122646,-0.422014249701942,0.198053449142378,0.167410742988909,0.620067698844319,0.17,639,1636,8364
"50",50,8,0.657065689291243,-0.256058590890658,-0.456205115283127,0.492746249820277,-0.200146524392469,0.17,639,1636,8364
"51",51,16,0.246531758214642,0.00926500846425176,0.227358465037254,0.200354242137909,0.218093456573002,0.17,639,1636,8364
"52",52,29,0.991326717116036,0.426670230238541,-0.127619072610642,0.0467030224273538,-0.554289302849183,0.17,639,1636,8364
"53",53,12,0.0741139677515889,-0.278713908790209,0.362639822939593,0.431201326416343,0.641353731729802,0.17,639,1636,8364
"54",54,11,0.152823762900902,-0.0514553449274591,0.517499696458532,0.183890484870551,0.568955041385991,0.17,639,1636,8364
"55",55,13,0.0745804272507941,0.129732715037297,0.742132538661099,0.0280811703496638,0.612399823623802,0.17,639,1636,8364
"56",56,6,0.101560571215973,-0.0901033720387869,0.915914283706254,0.26091237372875,1.00601765574504,0.17,639,1636,8364
"57",57,10,0.121101899845227,-0.116516361464887,0.520012943730787,0.327169863011389,0.636529305195674,0.17,639,1636,8364
"58",58,15,0.683970411670775,-0.144701555345873,-0.324044974172642,0.541749478725576,-0.179343418826769,0.17,639,1636,8364
"59",59,14,0.97961013041282,0.3712644636848,-0.284353770464162,0.242519897518694,-0.655618234148963,0.17,639,1636,8364
"60",60,7,0.263394238724676,-0.112583068313845,0.198339488596598,0.34900009749782,0.310922556910442,0.17,639,1636,8364
"61",61,13,0.0161279708159146,-0.415370344207107,0.349625846632861,0.0309411972168586,0.764996190839968,0.17,639,1636,8364
"62",62,9,0.0115627629183315,-0.174260699416287,0.897632792727035,0.462011706875881,1.07189349214332,0.17,639,1636,8364
"63",63,23,0.307568954094086,-0.0292739287296061,0.0909421830632138,0.124452452187625,0.12021611179282,0.17,639,1636,8364
"64",64,18,0.628437381449821,-0.198599782466802,-0.300935710653993,0.117699012634594,-0.102335928187191,0.17,639,1636,8364
"65",65,9,0.961212104576601,0.746280758964718,-0.0202886285557455,0.147285259292729,-0.766569387520463,0.17,639,1636,8364
"66",66,22,0.212854341540496,-0.2519269567539,-0.0524633876611384,0.187202816070291,0.199463569092761,0.17,639,1636,8364
"67",67,6,0.0930967338578233,-0.421324833270862,0.248285182707437,0.220065342643753,0.669610015978298,0.17,639,1636,8364
"68",68,13,0.0302299041195996,0.0626558742400005,0.598794899332255,0.531146435198968,0.536139025092254,0.17,639,1636,8364
"69",69,19,0.380656390503466,-0.139063885492076,-0.0205162704318625,0.0686539686448736,0.118547615060214,0.17,639,1636,8364
"70",70,8,0.654037542762316,0.749820483670563,0.567661600571949,0.303058339825272,-0.182158883098613,0.17,639,1636,8364
"71",71,9,0.159453500641953,0.128876144746486,0.650969862266521,0.201024942919134,0.522093717520036,0.17,639,1636,8364
"72",72,11,0.0163587221410499,-0.205645321438409,0.611410959182529,0.484132482393418,0.817056280620938,0.17,639,1636,8364
"73",73,14,0.0603739419533211,-0.407675478727982,0.240155896594864,0.281696368293597,0.647831375322846,0.17,639,1636,8364
"74",74,16,0.315701858602118,0.222096890870991,0.423841517845193,0.116172570638867,0.201744626974202,0.17,639,1636,8364
"75",75,9,0.11755292878661,0.141006027967223,0.714105970044407,0.39706517109964,0.573099942077184,0.17,639,1636,8364
"76",76,13,0.010739338412975,-0.277898899118917,0.693886100726893,0.275048203347033,0.97178499984581,0.17,639,1636,8364
"77",77,12,0.514645612752266,0.570011170175803,0.553805510508593,0.200934713040147,-0.0162056596672104,0.17,639,1636,8364
"78",78,18,0.493244615555232,-0.0386937206474713,-0.0325894270310485,0.110051857347908,0.00610429361642283,0.17,639,1636,8364
"79",79,6,0.0287856030302719,0.102798046169107,1.15806373799701,0.669483732342707,1.05526569182791,0.17,639,1636,8364
"80",80,17,0.00461524114245857,-0.0323585367341607,0.846402693150983,0.719561639344077,0.878761229885144,0.17,639,1636,8364
"81",81,13,0.142646169773463,-0.0503205864828106,0.351326101978626,0.117147121730427,0.401646688461437,0.17,639,1636,8364
"82",82,17,0.408126836569335,0.0445847574929813,0.131281882924993,0.610077499779823,0.0866971254320118,0.17,639,1636,8364
"83",83,6,0.812705642104537,0.0648214574093597,-0.357755008955923,0.343425496440311,-0.422576466365283,0.17,639,1636,8364
"84",84,12,0.91519128380434,0.443375420383685,-0.10652506420038,0.00726738585505241,-0.549900484584064,0.17,639,1636,8364
"85",85,14,0.361877639290859,-0.142842987657924,0.0129829470182063,0.0667211282962715,0.15582593467613,0.17,639,1636,8364
"86",86,19,0.047354967019551,0.134844196102376,0.670514410406911,0.367024841337688,0.535670214304535,0.17,639,1636,8364
"87",87,11,0.0224837200517531,-0.261076334217829,0.407378703186822,0.106670309290959,0.668455037404651,0.17,639,1636,8364
"88",88,19,0.115943997780191,0.143754030432231,0.568742356791153,0.555405730905022,0.424988326358923,0.17,639,1636,8364
"89",89,16,0.169656425824185,0.0835231821683205,0.493852983067669,0.16548523294021,0.410329800899349,0.17,639,1636,8364
"90",90,27,0.319292421820861,-0.0321217476415629,0.0852790606822447,0.378875119042589,0.117400808323808,0.17,639,1636,8364
"91",91,13,0.279668108999836,-0.0911448925673186,0.15913494816445,0.255455403753863,0.250279840731769,0.17,639,1636,8364
"92",92,16,0.412919470441679,-0.0251984620135844,0.0534866366330828,0.351174753335709,0.0786850986466672,0.17,639,1636,8364
"93",93,22,0.793536598932245,0.445893388014578,0.189893827809371,0.0727514228994756,-0.255999560205207,0.17,639,1636,8364
"94",94,19,0.140289472798069,-0.358138333014859,-0.0253733882478691,0.138100204473166,0.33276494476699,0.17,639,1636,8364
"95",95,18,0.745427238563159,0.0677256665781443,-0.158720101372044,0.00330294925291541,-0.226445767950188,0.17,639,1636,8364
"96",96,11,0.0855385627680995,-0.0127840778462043,0.53241049740877,0.359874425134607,0.545194575254975,0.17,639,1636,8364
"97",97,12,0.443092404785506,0.657775077692121,0.730714873749344,0.391605752741251,0.0729397960572228,0.17,639,1636,8364
"98",98,11,0.999814883716848,0.484426381252455,-0.976178041633902,0.0648790795596974,-1.46060442288636,0.17,639,1636,8364
"99",99,23,0.0469521387932889,-0.447719848624944,-0.0303021198314729,0.0138638228075862,0.417417728793471,0.17,639,1636,8364
"100",100,8,0.197844354681082,0.0294820594579649,0.432795801851345,0.579195647849912,0.40331374239338,0.17,639,1636,8364
"101",101,17,0.128080293248125,0.0865500735769716,0.517410376866489,0.562278907761202,0.430860303289517,0.17,639,1636,8364
"102",102,25,0.0140376077431937,0.173460545350521,0.887427720923685,0.514302659063415,0.713967175573164,0.17,639,1636,8364
"103",103,18,0.00120258980473179,-0.327188806909796,0.777827374348344,0.716515660380537,1.10501618125814,0.17,639,1636,8364
"104",104,15,0.848054587764004,0.498443672185865,0.121899349306049,0.168186581117617,-0.376544322879817,0.17,639,1636,8364
"105",105,24,0.706308314326459,-0.00228272338758215,-0.166422120950645,0.195249545091368,-0.164139397563063,0.17,639,1636,8364
"106",106,17,0.21941009628385,-0.209427947553137,0.0589958589903578,0.00654519058051686,0.268423806543494,0.17,639,1636,8364
"107",107,14,0.0426403263760103,0.260313534698433,0.887396588348778,0.460139588436328,0.627083053650345,0.17,639,1636,8364
"108",108,15,0.218965618008022,-0.0949572339083224,0.181062857468808,0.110217735763648,0.27602009137713,0.17,639,1636,8364
"109",109,17,0.436077023589227,0.0940807102538698,0.154208679513931,0.0322656354450089,0.0601279692600612,0.17,639,1636,8364
"110",110,7,0.110667133234032,0.116309706128255,0.835323232899756,0.365923163717342,0.719013526771501,0.17,639,1636,8364
"111",111,9,0.0986356222073216,-0.517852119210765,0.153927384051416,0.0709375870894499,0.671779503262182,0.17,639,1636,8364
"112",112,9,0.827793470305159,0.368131028350822,-0.0944794860626539,0.534119037823361,-0.462610514413476,0.17,639,1636,8364
"113",113,10,0.106444020638482,-0.151695627898435,0.386168210238409,0.0249806841187085,0.537863838136844,0.17,639,1636,8364
"114",114,8,0.154483372368684,-0.426211376203458,0.0905754469483143,0.0766448528915134,0.516786823151772,0.17,639,1636,8364
"115",115,9,0.341517943646351,-0.469793742271705,-0.202835583134575,0.23463581142209,0.26695815913713,0.17,639,1636,8364
"116",116,16,0.769457318949615,-0.0662159966465018,-0.292288851079269,0.0134535024259689,-0.226072854432767,0.17,639,1636,8364
"117",117,13,0.109470604916302,-0.259207209043522,0.225412408427462,0.216717366063589,0.484619617470984,0.17,639,1636,8364
"118",118,10,0.480267659777448,0.087108766577486,0.117021894745459,0.516867073721557,0.0299131281679725,0.17,639,1636,8364
"119",119,16,0.455838874525742,-0.00117795355629766,0.0404777356210096,0.271983170059125,0.0416556891773072,0.17,639,1636,8364
"120",120,13,0.291216636544986,0.232845880772735,0.457461552325359,0.028488887575152,0.224615671552624,0.17,639,1636,8364
"121",121,13,0.474736046771716,0.00129923734021268,0.0252568618327538,0.106262756465446,0.0239576244925411,0.17,639,1636,8364
"122",122,27,0.0901089918964746,-0.103429688988238,0.253445947840492,0.404431570265765,0.35687563682873,0.17,639,1636,8364
"123",123,12,0.103046830555909,-0.225767435317764,0.258003546150591,0.0912702612226901,0.483770981468355,0.17,639,1636,8364
"124",124,10,0.0986507841752726,-0.121872398535393,0.386431272942588,0.103496333009349,0.508303671477981,0.17,639,1636,8364
"125",125,10,0.746724248887017,0.167091394762858,-0.202467376376483,0.252782910811689,-0.369558771139341,0.17,639,1636,8364
"126",126,11,0.0128923404822265,-0.468874835853318,0.805883585684202,0.54864678406582,1.27475842153752,0.17,639,1636,8364
"127",127,15,0.439827969773515,0.155607502991993,0.225130727512032,0.11061907028263,0.0695232245200388,0.17,639,1636,8364
"128",128,27,0.0303136354101132,-0.322746984894153,0.185983641811723,0.103238303750302,0.508730626705876,0.17,639,1636,8364
"129",129,12,0.174233490918424,-0.265128893007628,0.0305389549426806,0.172297632799463,0.295667847950309,0.17,639,1636,8364
"130",130,9,0.238264012871167,-0.44811075524283,-0.124962390802278,0.0880102681652248,0.323148364440552,0.17,639,1636,8364
"131",131,20,0.0323213062497412,-0.0928794178548863,0.53093051117147,0.081692080107,0.623809929026356,0.17,639,1636,8364
"132",132,23,0.0391273273404361,-0.0620742345816963,0.479773583755976,0.487951067676188,0.541847818337672,0.17,639,1636,8364
"133",133,9,0.83391140180633,0.449263649255843,-0.147615481863398,0.376627753778374,-0.596879131119241,0.17,639,1636,8364
"134",134,10,0.0685115250724652,-0.055488495498724,0.427432236316927,0.486105828445637,0.482920731815651,0.17,639,1636,8364
"135",135,10,0.0448439665870395,0.0419963981277547,0.592162129978746,0.499506881236298,0.550165731850991,0.17,639,1636,8364
"136",136,9,0.0127511189848847,-0.631473516682054,0.84349553459128,0.612387057413151,1.47496905127333,0.17,639,1636,8364
"137",137,17,0.000480131485383012,-0.0708072133476133,0.845572682595584,0.444686188164831,0.916379895943197,0.17,639,1636,8364
"138",138,8,0.301132570535232,-0.0786040249989956,0.202497080815701,0.194155114321275,0.281101105814697,0.17,639,1636,8364
"139",139,14,0.0493188579727991,-0.123058132367909,0.679431867357795,0.165138242767168,0.802489999725704,0.17,639,1636,8364
"140",140,6,0.115225760687211,-0.0253599586978804,0.693680793153187,0.363856276727955,0.719040751851068,0.17,639,1636,8364
"141",141,14,0.311192327221851,0.0147418216566228,0.132008785633404,0.168267910610215,0.117266963976781,0.17,639,1636,8364
"142",142,13,0.389053587850984,0.00199488613673682,0.125696358621793,0.366787398463723,0.123701472485056,0.17,639,1636,8364
"143",143,16,0.272462764531874,0.271088273900148,0.480846875921889,0.627145031109032,0.209758602021741,0.17,639,1636,8364
"144",144,15,0.353187677644385,0.0565458009487768,0.188147391612295,0.134337208346394,0.131601590663518,0.17,639,1636,8364
"145",145,18,0.476468207325214,0.0204869665296563,0.0412860715285142,0.200191661090925,0.0207991049988579,0.17,639,1636,8364
"146",146,16,0.375846286727259,0.239991404722076,0.36344579450481,0.298980701174193,0.123454389782734,0.17,639,1636,8364
"147",147,9,0.135906579109025,0.0165330082646612,0.533027801504334,0.0267220850143742,0.516494793239673,0.17,639,1636,8364
"148",148,12,0.51574230338615,0.107546661171216,0.0861513059586931,0.150594123674628,-0.0213953552125233,0.17,639,1636,8364
"149",149,9,0.743862401845635,0.0284011175759923,-0.256931208599443,0.0323852049259434,-0.285332326175435,0.17,639,1636,8364
"150",150,10,0.50090103097564,0.196022921074095,0.194986587848122,0.0428360028794439,-0.00103633322597285,0.17,639,1636,8364
"151",151,18,0.38974204306547,-0.0910259748319813,0.0142775997019518,0.0748274845412614,0.105303574533933,0.17,639,1636,8364
"152",152,8,0.5553464400693,0.0412088242267112,-0.043933276675477,0.201302814063213,-0.0851421009021882,0.17,639,1636,8364
"153",153,13,0.396399319784867,0.227979785947193,0.342300319909259,0.0345592746127089,0.114320533962065,0.17,639,1636,8364
"154",154,17,0.289029046170078,-0.181379692815103,0.0288215412093138,0.315761770349348,0.210201234024417,0.17,639,1636,8364
"155",155,9,0.467936412039602,-0.0264109612074871,0.00672071360616216,0.14201987378479,0.0331316748136493,0.17,639,1636,8364
"156",156,17,0.202778988372745,0.116409177382276,0.371345409603814,0.42303920014491,0.254936232221537,0.17,639,1636,8364
"157",157,10,0.790667023435133,0.815537240367539,0.42103817253972,0.275614290958417,-0.394499067827819,0.17,639,1636,8364
"158",158,10,0.388065100558811,0.0287687404490571,0.140975615751359,0.161871157463129,0.112206875302302,0.17,639,1636,8364
"159",159,10,0.211812240735446,0.256545760893694,0.606221382090182,0.308736533191809,0.349675621196489,0.17,639,1636,8364
"160",160,17,0.0149390171889839,-0.321816513801042,0.588285286409505,0.549816051350757,0.910101800210547,0.17,639,1636,8364
"161",161,15,0.106941857291648,-0.0374622892437762,0.506683315106223,0.0812366137573507,0.544145604349999,0.17,639,1636,8364
"162",162,10,0.977407461379066,0.134871669102794,-0.486149921397874,0.27668094442224,-0.621021590500668,0.17,639,1636,8364
"163",163,25,0.187348521898968,0.259888983052126,0.509193383198915,0.532736175544241,0.24930440014679,0.17,639,1636,8364
"164",164,14,0.0165326131951904,-0.18636504240188,0.683282810045024,0.434845287544708,0.869647852446904,0.17,639,1636,8364
"165",165,9,0.442089368406448,-0.0140155434021149,0.0592596222127455,0.297337968836442,0.0732751656148604,0.17,639,1636,8364
"166",166,14,0.089613541347213,0.00601254846602761,0.605793511504219,0.293262798667746,0.599780963038191,0.17,639,1636,8364
"167",167,14,0.0134597102403206,-0.165323988171197,0.632788619380623,0.223387803222863,0.798112607551821,0.17,639,1636,8364
"168",168,15,0.213282533067804,-0.140851361580129,0.133792827969882,0.21776357853562,0.274644189550011,0.17,639,1636,8364
"169",169,26,0.00854504415895857,-0.479327592292466,0.245032695423249,0.285931545549926,0.724360287715715,0.17,639,1636,8364
"170",170,20,0.484486958431126,0.240005120660739,0.255229274244075,0.334620515931182,0.0152241535833359,0.17,639,1636,8364
"171",171,13,0.230967845032414,0.213191054815786,0.5414051610181,0.0956998466483572,0.328214106202314,0.17,639,1636,8364
"172",172,11,0.637168770505882,0.170867366188744,0.0283545828827008,0.268818114400977,-0.142512783306044,0.17,639,1636,8364
"173",173,10,0.716401527267606,0.135880302998449,-0.18545356931078,0.34468567136779,-0.321333872309228,0.17,639,1636,8364
"174",174,18,0.280679279766085,-0.0294189894984688,0.165437780506958,0.102223900415365,0.194856770005427,0.17,639,1636,8364
"175",175,7,0.726679383069252,0.306007868518612,0.0325905075009629,0.285268830337723,-0.273417361017649,0.17,639,1636,8364
"176",176,13,0.0312202940256476,-0.0520634254516808,0.545172225530362,0.343306552620048,0.597235650982043,0.17,639,1636,8364
"177",177,10,0.568424876827614,0.10441971158123,0.00199778834305212,0.300902740182024,-0.102421923238178,0.17,639,1636,8364
"178",178,19,0.0290515786034798,-0.165545371849525,0.566472869861558,0.720249269027656,0.732018241711083,0.17,639,1636,8364
"179",179,12,0.230324435298166,0.248563849876912,0.536687774715237,0.510324320576944,0.288123924838325,0.17,639,1636,8364
"180",180,13,0.492752822329662,0.0529914841497112,0.0607293654313804,0.565805544367046,0.00773788128166913,0.17,639,1636,8364
"181",181,16,0.614050330137832,0.368615402441199,0.290296363201958,0.0784733740259589,-0.0783190392392408,0.17,639,1636,8364
"182",182,8,0.836706078106049,0.769975251733482,0.148814988620214,0.0196578831380513,-0.621160263113268,0.17,639,1636,8364
"183",183,23,0.171767409219286,0.11404016979687,0.384602447337341,0.146679979565132,0.270562277540472,0.17,639,1636,8364
"184",184,16,0.143599143414013,-0.386505727210945,-0.0231461362082139,0.258557430487418,0.363359591002731,0.17,639,1636,8364
"185",185,11,0.0118747073444526,-0.0348991380110635,0.87345643459452,0.603400219543498,0.908355572605584,0.17,639,1636,8364
"186",186,7,0.0409710254639182,-0.0297392021926669,1.22010946694005,0.590798686475568,1.24984866913272,0.17,639,1636,8364
"187",187,18,0.0177877880412488,-0.259543710441618,0.451729070263942,0.18155750173942,0.711272780705559,0.17,639,1636,8364
"188",188,20,0.0291357424158857,-0.142460999026985,0.417175128356194,0.300647269026415,0.559636127383178,0.17,639,1636,8364
"189",189,12,0.30693381901854,0.00887625017112389,0.239154141166086,0.26882376813786,0.230277890994962,0.17,639,1636,8364
"190",190,22,0.690753963396048,0.0481681481484659,-0.0806096959295855,0.118849627346964,-0.128777844078051,0.17,639,1636,8364
"191",191,13,0.257685077110058,0.105346033639026,0.333876319476482,0.469631358923562,0.228530285837456,0.17,639,1636,8364
"192",192,17,0.0756767989566925,0.146627888127429,0.637289960497181,0.401900307770735,0.490662072369751,0.17,639,1636,8364
"193",193,13,0.260937652420475,0.0477745657678895,0.366062189095252,0.175722253486225,0.318287623327363,0.17,639,1636,8364
"194",194,11,0.497042071488122,0.379220120146031,0.382550262326177,0.16327352133564,0.00333014218014543,0.17,639,1636,8364
"195",195,16,0.159401158501491,0.00382144627794554,0.365179618274833,0.400717147766404,0.361358171996888,0.17,639,1636,8364
"196",196,11,0.879996202994068,0.485609437710959,-0.0368937052684122,0.0989498896119728,-0.522503142979372,0.17,639,1636,8364
"197",197,29,0.935425432349675,0.131713412031894,-0.253589294492728,0.181599982747799,-0.385302706524623,0.17,639,1636,8364
"198",198,11,0.654426379088106,0.244246620511024,0.061172071165027,0.326762929994797,-0.183074549345997,0.17,639,1636,8364
"199",199,11,0.110057726866997,-0.0598120568884487,0.384312366213043,0.406509991048661,0.444124423101491,0.17,639,1636,8364
"200",200,16,0.902389943004424,0.404643851661207,-0.100467323173076,0.0289048566508587,-0.505111174834283,0.17,639,1636,8364
"201",201,16,0.607019933842302,0.218302918946863,0.0987403378820186,0.0234877647117489,-0.119562581064845,0.17,639,1636,8364
"202",202,11,0.594162590814692,0.136243012648234,0.0354075625518946,0.101843463798542,-0.100835450096339,0.17,639,1636,8364
"203",203,6,0.556718413888456,0.107471915204944,0.0190259077988095,0.277800054962918,-0.0884460074061345,0.17,639,1636,8364
"204",204,14,0.0571298547099505,0.0768733501147633,0.585781926561535,0.17470974022463,0.508908576446772,0.17,639,1636,8364
"205",205,16,0.386732145624071,0.321842511533553,0.430720510995834,0.493636581534103,0.108877999462281,0.17,639,1636,8364
"206",206,8,0.116503477520581,-0.219874642579627,0.389002963342039,0.538425248205883,0.608877605921666,0.17,639,1636,8364
"207",207,18,0.136042809095644,-0.160690676458809,0.246679424478165,0.289203583051508,0.407370100936974,0.17,639,1636,8364
"208",208,12,0.794724362843651,0.136193253075104,-0.213970857879,0.136484556361081,-0.350164110954103,0.17,639,1636,8364
"209",209,13,0.717698379245854,0.460885775348551,0.263545416696283,0.385533862656929,-0.197340358652267,0.17,639,1636,8364
"210",210,11,0.484410001591156,0.302632210717484,0.321176616497381,0.343405894523703,0.018544405779897,0.17,639,1636,8364
"211",211,13,0.107963494552102,-0.0062561309588769,0.377003647490411,0.0756881483753786,0.383259778449288,0.17,639,1636,8364
"212",212,11,0.564726915903504,0.269863868612227,0.210549823645709,0.192002737225508,-0.0593140449665176,0.17,639,1636,8364
"213",213,6,0.518116419517075,0.0320623977275003,0.00773093469052167,0.238575971451153,-0.0243314630369786,0.17,639,1636,8364
"214",214,11,0.354899267545859,-0.0880949280903688,0.0480447735055077,0.508575558558594,0.136139701595876,0.17,639,1636,8364
"215",215,11,0.584714646935526,-0.334990986249283,-0.418115939636204,0.0541839828554853,-0.0831249533869214,0.17,639,1636,8364
"216",216,11,0.578585664961564,0.621219156592255,0.546035610863154,0.0194377057434961,-0.0751835457291012,0.17,639,1636,8364
"217",217,14,0.602519533602516,0.320931538650779,0.24252239092187,0.198320631645148,-0.0784091477289087,0.17,639,1636,8364
"218",218,10,0.164672516525642,-0.179931819104587,0.212521428320818,0.379680898717522,0.392453247425405,0.17,639,1636,8364
"219",219,16,0.223191581617245,-0.222049372331538,0.0202265102294564,0.172128230889585,0.242275882560995,0.17,639,1636,8364
"220",220,11,0.399769338833989,0.0916826028221328,0.214365424743804,0.423065456128876,0.122682821921671,0.17,639,1636,8364
"221",221,17,0.0833478372449442,-0.0103515289455927,0.476987817000718,0.244339244166066,0.48733934594631,0.17,639,1636,8364
"222",222,9,0.0915078227904177,-0.438800003102839,0.219439535258229,0.336460669109949,0.658239538361068,0.17,639,1636,8364
"223",223,14,0.453462989818794,-0.0239434171109281,0.0202363206678428,0.168313422114728,0.0441797377787709,0.17,639,1636,8364
"224",224,9,0.00423323008920447,-0.51613135361187,0.772429561184979,0.603211819063852,1.28856091479685,0.17,639,1636,8364
"225",225,17,0.191329013329379,0.444090599482319,0.799845494541345,0.469948420481524,0.355754895059026,0.17,639,1636,8364
"226",226,18,0.0789183965978686,-0.06280314140381,0.371913093030821,0.34965022786766,0.434716234434631,0.17,639,1636,8364
"227",227,15,0.972109107183966,0.16524305388538,-0.370087669869507,0.00665352036666963,-0.535330723754887,0.17,639,1636,8364
"228",228,16,0.804114427697529,0.427782054868957,0.0898119120115658,0.246212385051307,-0.337970142857391,0.17,639,1636,8364
"229",229,19,0.601736984422046,0.0758188804523046,-0.0160596903834232,0.0445316858527819,-0.0918785708357278,0.17,639,1636,8364
"230",230,16,0.653475693629625,0.116027193782657,-0.0502239571305752,0.00763019623538408,-0.166251150913232,0.17,639,1636,8364
"231",231,18,0.89280327963425,0.441695767628082,-0.0784098874618615,0.0838669589600397,-0.520105655089944,0.17,639,1636,8364
"232",232,13,0.16393024106412,-0.0673896251980714,0.337660513133183,0.475892000499752,0.405050138331254,0.17,639,1636,8364
"233",233,19,0.372918119340794,-0.256687879078589,-0.136507607137198,0.0473130770081266,0.120180271941391,0.17,639,1636,8364
"234",234,6,0.972939888874789,1.10319255916639,-0.229899553701689,0.00043244857569306,-1.33309211286808,0.17,639,1636,8364
"235",235,15,0.373846856918455,0.077206098687945,0.200049594513223,0.187318501400421,0.122843495825278,0.17,639,1636,8364
"236",236,7,0.00602029216845282,-0.165697522053113,1.26670677399382,0.585302302557677,1.43240429604694,0.17,639,1636,8364
"237",237,14,0.295815179433086,0.00967304223109734,0.184673399158431,0.294793405351803,0.175000356927334,0.17,639,1636,8364
"238",238,10,0.226911296168762,-0.202638966601971,0.193010791470689,0.410012650250069,0.39564975807266,0.17,639,1636,8364
"239",239,10,0.176130526858397,-0.24987050819296,0.317513843047043,0.315128962848146,0.567384351240003,0.17,639,1636,8364
"240",240,32,0.447619911831957,0.210850679154761,0.242608833560303,0.254646769065756,0.0317581544055427,0.17,639,1636,8364
"241",241,10,0.17954143132576,-0.334359667091047,0.204188336586784,0.406901544889392,0.538548003677832,0.17,639,1636,8364
"242",242,14,0.00198176310442656,-0.186489361199309,1.05205875119218,0.5476957829098,1.23854811239149,0.17,639,1636,8364
"243",243,12,0.752587374448707,0.431369406393657,0.143587641566373,0.17288766271467,-0.287781764827284,0.17,639,1636,8364
"244",244,14,0.729781955666343,0.292183788306347,0.070623228351844,0.0995491923414215,-0.221560559954503,0.17,639,1636,8364
"245",245,18,0.267781518819688,0.236885421186869,0.457925106158102,0.273453216848214,0.221039684971233,0.17,639,1636,8364
"246",246,12,0.0429208516269358,-0.434220958245306,0.371558046319355,0.0902993905938982,0.805779004564661,0.17,639,1636,8364
"247",247,12,0.088658684509769,-0.240786653312944,0.259895595013679,0.284550639356606,0.500682248326623,0.17,639,1636,8364
"248",248,19,0.347715052332493,-0.130507738987101,-0.0202847428014257,0.280287547367625,0.110222996185675,0.17,639,1636,8364
"249",249,21,0.520858877688325,0.0210483995545399,0.0066753099262121,0.186745353661368,-0.0143730896283278,0.17,639,1636,8364
"250",250,8,0.428555857679307,-0.112926108429644,-0.00602051896121782,0.126450016393537,0.106905589468427,0.17,639,1636,8364
"251",251,6,0.155751699911285,-0.81435508198062,-0.107139917868047,0.521859223833922,0.707215164112573,0.17,639,1636,8364
"252",252,18,0.195312031135539,-0.0262299434044066,0.286230392307123,0.162060537105337,0.312460335711529,0.17,639,1636,8364
"253",253,23,0.744337799811783,0.00243188081684855,-0.201567780081661,0.0184996603368789,-0.203999660898509,0.17,639,1636,8364
"254",254,12,0.790129317746605,0.066786593710948,-0.201854797132716,0.0258482338975766,-0.268641390843664,0.17,639,1636,8364
"255",255,11,0.301073339423282,0.0770502294969306,0.261064763096881,0.084513204956337,0.18401453359995,0.17,639,1636,8364
"256",256,14,0.227921085862623,-0.283605697207004,0.0707180830548249,0.302573361360072,0.354323780261829,0.17,639,1636,8364
"257",257,19,0.417337511553461,0.2190887142274,0.281152142981411,0.332442749140711,0.0620634287540111,0.17,639,1636,8364
"258",258,18,0.436263225874925,0.0755788315129098,0.136601631110488,0.192449524668136,0.061022799597578,0.17,639,1636,8364
"259",259,16,0.354818426229286,-0.0279267262752953,0.0930128530295385,0.191319147026983,0.120939579304834,0.17,639,1636,8364
"260",260,16,0.272728496735201,0.180534634012374,0.360953814974403,0.379589525345041,0.180419180962028,0.17,639,1636,8364
"261",261,11,0.0287446320765796,-0.246676592963687,0.60625904488119,0.154155741322521,0.852935637844877,0.17,639,1636,8364
"262",262,8,0.0665068533267662,0.277465119207748,0.799765058447968,0.275993806750344,0.52229993924022,0.17,639,1636,8364
"263",263,21,0.576029424081808,0.0397970205352206,-0.0170846982653018,0.0024394256990336,-0.0568817188005225,0.17,639,1636,8364
"264",264,24,0.288759506077768,0.194857103873987,0.347019390359492,0.303982321263068,0.152162286485505,0.17,639,1636,8364
"265",265,11,0.0506116121075609,-0.463862705602358,0.263216438097126,0.445422418636561,0.727079143699484,0.17,639,1636,8364
"266",266,12,0.0232535171218221,-0.113310645971768,0.889149536231747,0.244362953834204,1.00246018220351,0.17,639,1636,8364
"267",267,5,0.768702609423152,0.513525188868807,-0.0124579244003963,0.329560545212327,-0.525983113269203,0.17,639,1636,8364
"268",268,7,0.00229609173678511,-0.0705863113209058,1.34200188474917,0.583756150376516,1.41258819607008,0.17,639,1636,8364
"269",269,13,0.043536604209689,0.0710362773216722,0.702347313818812,0.471292927991345,0.63131103649714,0.17,639,1636,8364
"270",270,12,0.73861389106725,0.272457849471151,0.0522365975871093,0.330337622112056,-0.220221251884042,0.17,639,1636,8364
"271",271,8,0.136988001629224,0.581911748506225,1.1015717390959,0.626969759317286,0.519659990589678,0.17,639,1636,8364
"272",272,13,0.225638672595549,-0.185399894443224,0.0692027449654736,0.211282651199081,0.254602639408698,0.17,639,1636,8364
"273",273,11,0.134193448163589,0.221904852833791,0.653052502093849,0.130659893848466,0.431147649260059,0.17,639,1636,8364
"274",274,10,0.810460182306692,-0.15146428791777,-0.461830829666251,0.210496269839534,-0.310366541748481,0.17,639,1636,8364
"275",275,12,0.398710149985414,0.263009562628704,0.345771810426654,0.0712607753476712,0.0827622477979494,0.17,639,1636,8364
"276",276,21,0.372855955014658,0.128720468609364,0.234301502915953,0.0925725784146005,0.105581034306589,0.17,639,1636,8364
"277",277,13,0.757770139175448,0.114136845624376,-0.165945282663914,0.173335538179644,-0.28008212828829,0.17,639,1636,8364
"278",278,8,0.234051346854999,0.101509520988443,0.490611012233083,0.622819010075322,0.38910149124464,0.17,639,1636,8364
"279",279,8,0.573888298941017,0.159323114569438,0.0270596575749345,0.299541293450419,-0.132263456994504,0.17,639,1636,8364
"280",280,15,0.0995783864599275,-0.206923558784076,0.236204272987805,0.345990900191892,0.443127831771881,0.17,639,1636,8364
"281",281,8,0.612612958899,0.307001652268112,0.20799775034302,0.367049244570835,-0.0990039019250913,0.17,639,1636,8364
"282",282,14,0.105486824393673,-0.341053239448169,0.163416112823919,0.0521991802201651,0.504469352272088,0.17,639,1636,8364
"283",283,11,0.543943494478397,0.525457383623776,0.488824650460607,0.289447230624822,-0.0366327331631687,0.17,639,1636,8364
"284",284,12,0.0304274600721039,-0.281978979007839,0.680917887039099,0.269859259469066,0.962896866046938,0.17,639,1636,8364
"285",285,22,0.650830210151175,-0.268096838891324,-0.386903378721621,0.025010334263998,-0.118806539830297,0.17,639,1636,8364
"286",286,15,0.109181466414105,0.048468135177315,0.390612269032608,0.160725976787292,0.342144133855293,0.17,639,1636,8364
"287",287,16,0.544993399844808,-0.176549621854896,-0.212576227025157,0.114356284435063,-0.0360266051702605,0.17,639,1636,8364
"288",288,17,0.960427652013075,0.296180394287026,-0.139394944040493,0.0609567279631005,-0.43557533832752,0.17,639,1636,8364
"289",289,20,0.41511902973415,0.206430431801754,0.270859770182043,0.469864713902194,0.0644293383802887,0.17,639,1636,8364
"290",290,7,0.671518610199568,0.282058768634988,0.102031166625539,0.141840726105827,-0.180027602009449,0.17,639,1636,8364
"291",291,10,0.0821388322381475,-0.485883658946008,0.27892663512873,0.139641723097001,0.764810294074738,0.17,639,1636,8364
"292",292,9,0.275449199289009,-0.154445802037982,0.16915433836481,0.168571547821832,0.323600140402792,0.17,639,1636,8364
"293",293,15,0.0185935488790673,-0.15783989013943,0.850176872858779,0.325869488736537,1.00801676299821,0.17,639,1636,8364
"294",294,17,0.285177319993095,-0.440667539322781,-0.287479355611763,0.0376561474182238,0.153188183711019,0.17,639,1636,8364
"295",295,21,0.0297751652404596,-0.259205009169343,0.30688707653982,0.0954192361054352,0.566092085709163,0.17,639,1636,8364
"296",296,14,0.100625675401614,-0.0680477870198474,0.46727005363698,0.355357703463116,0.535317840656828,0.17,639,1636,8364
"297",297,8,0.542837384969655,0.338718988039818,0.275879703416946,0.45142099214238,-0.0628392846228716,0.17,639,1636,8364
"298",298,10,0.486410454761271,0.268041705144879,0.284166161187101,0.128148378408674,0.0161244560422215,0.17,639,1636,8364
"299",299,11,0.134154871587799,0.582952945389048,1.0457445006557,0.67496400032512,0.46279155526665,0.17,639,1636,8364
"300",300,7,0.139838071430428,-0.206965945506544,0.304573471410967,0.307409180798572,0.511539416917511,0.17,639,1636,8364
"301",301,29,0.228964403892998,0.239388931700876,0.46571441939684,0.170905371590888,0.226325487695964,0.17,639,1636,8364
"302",302,19,0.0223534095138075,-0.109777935278895,0.472591974905459,0.349943368177846,0.582369910184354,0.17,639,1636,8364
"303",303,13,0.289191098308712,-0.146740232919064,-0.0136234024639291,0.122380137094809,0.133116830455135,0.17,639,1636,8364
"304",304,12,0.681370019884041,0.331179461633939,0.135897373572357,0.142703867446565,-0.195282088061582,0.17,639,1636,8364
"305",305,18,0.0824754444484777,0.0688709737999051,0.462724797219427,0.400922977169455,0.393853823419521,0.17,639,1636,8364
"306",306,12,0.271383344694912,0.388626944478446,0.634813159366403,0.447561163587432,0.246186214887957,0.17,639,1636,8364
"307",307,15,0.388584539823712,0.300907399262982,0.413819180433659,0.39627511350199,0.112911781170677,0.17,639,1636,8364
"308",308,10,0.579360350803392,0.165550811084637,0.0886346672563993,0.172017703631695,-0.0769161438282381,0.17,639,1636,8364
"309",309,16,0.0645237505508797,-0.0605232608383385,0.415980513571791,0.531577004846153,0.47650377441013,0.17,639,1636,8364
"310",310,12,0.324780178578422,0.54387291794982,0.711312833992251,0.732813372018388,0.167439916042431,0.17,639,1636,8364
"311",311,22,0.100744725109822,-0.351254719908176,0.0666232956663146,0.172615714599541,0.41787801557449,0.17,639,1636,8364
"312",312,17,0.326533458553528,0.199047470172758,0.353990813366977,0.456434240821355,0.154943343194219,0.17,639,1636,8364
"313",313,14,0.162993729025413,-0.0575200774270034,0.284706750463594,0.204669781929395,0.342226827890597,0.17,639,1636,8364
"314",314,8,0.0577808142976779,-0.487650484620855,0.331252155327009,0.40244474213427,0.818902639947864,0.17,639,1636,8364
"315",315,19,0.000626294197033062,-0.329420936755976,0.8006704533612,0.408015036695269,1.13009139011718,0.17,639,1636,8364
"316",316,11,0.478656718887797,0.518963161388026,0.543242589034381,0.639156168761147,0.0242794276463549,0.17,639,1636,8364
"317",317,14,0.0339945393857445,-0.0849533753258803,0.637247301970416,0.137171584563602,0.722200677296297,0.17,639,1636,8364
"318",318,9,0.802365712211561,0.29592152875817,-0.109459026568431,0.0547732950951227,-0.405380555326601,0.17,639,1636,8364
"319",319,11,0.0102060400812639,0.370179413604248,1.26606235233983,0.541511415210518,0.895882938735582,0.17,639,1636,8364
"320",320,12,0.33246837693363,0.141264453820726,0.325484495452427,0.156729279473842,0.184220041631701,0.17,639,1636,8364
"321",321,20,0.199375159989418,0.0551432507381233,0.34925531491862,0.278734812819758,0.294112064180497,0.17,639,1636,8364
"322",322,16,0.162294372017199,-0.315844545697855,0.0724223070431799,0.136801582998701,0.388266852741035,0.17,639,1636,8364
"323",323,14,0.661828827812916,0.170668437766515,-0.018972667916984,0.284988263050878,-0.189641105683499,0.17,639,1636,8364
"324",324,7,0.865102816576408,0.367519515791387,-0.17424258978606,0.0777796447719377,-0.541762105577446,0.17,639,1636,8364
"325",325,8,0.485215980722766,0.222781636977449,0.245926597373509,0.307813477718752,0.0231449603960598,0.17,639,1636,8364
"326",326,12,0.146360862437616,-0.14396404704424,0.246210645570017,0.506176103433093,0.390174692614257,0.17,639,1636,8364
"327",327,21,0.985796207337972,0.626398741446436,-0.0258313001697152,0.00257735508762325,-0.652230041616151,0.17,639,1636,8364
"328",328,19,0.344421839057528,0.388245831350737,0.49312362498932,0.346155352591756,0.104877793638583,0.17,639,1636,8364
"329",329,10,0.74619231270637,0.360807765637868,0.0620210949181894,0.3279035283041,-0.298786670719679,0.17,639,1636,8364
"330",330,14,0.141710530091792,0.136065492417237,0.526428819995787,0.235146412808956,0.390363327578551,0.17,639,1636,8364
"331",331,14,0.490168588724407,0.102297157814787,0.110927438277946,0.129799890474916,0.00863028046315906,0.17,639,1636,8364
"332",332,9,0.0388463839008421,-0.300187117430138,0.641880940608877,0.225936244104282,0.942068058039015,0.17,639,1636,8364
"333",333,11,0.732229325877413,0.366952038466228,0.0720613415657926,0.0243932289158707,-0.294890696900436,0.17,639,1636,8364
"334",334,8,0.483601995885314,-0.402940834870736,-0.375614128235326,0.196441534027377,0.0273267066354094,0.17,639,1636,8364
"335",335,13,0.515702924723459,0.223441697233894,0.205279373263111,0.0821597153044792,-0.0181623239707835,0.17,639,1636,8364
"336",336,8,0.601946998052732,0.101133764411888,-0.0587927593140192,0.237757215655597,-0.159926523725907,0.17,639,1636,8364
"337",337,9,0.133663824471978,-0.332400629250942,0.24464101369294,0.048734611058785,0.577041642943882,0.17,639,1636,8364
"338",338,22,0.0228167643862914,-0.133798128873047,0.386094821903503,0.198035065613685,0.51989295077655,0.17,639,1636,8364
"339",339,20,0.686546003674657,0.153011594418387,-0.00385859799348986,0.149664251928049,-0.156870192411877,0.17,639,1636,8364
"340",340,12,0.0522689902582379,-0.367995784047366,0.199996396229321,0.306358464583472,0.567992180276687,0.17,639,1636,8364
"341",341,10,0.402702602832689,0.392192443719906,0.510554990826922,0.403146224973184,0.118362547107015,0.17,639,1636,8364
"342",342,14,0.0233256586167441,-0.438970995815081,0.252088890025541,0.365049915350959,0.691059885840623,0.17,639,1636,8364
"343",343,18,0.349110291438103,0.0222881434234359,0.148062113722235,0.292179502547808,0.1257739702988,0.17,639,1636,8364
"344",344,16,0.0398634396865587,-0.0784362576807694,0.570347637265292,0.532076577657193,0.648783894946061,0.17,639,1636,8364
"345",345,16,0.336114419961942,-0.455733735594301,-0.281146155541507,0.112013359083871,0.174587580052794,0.17,639,1636,8364
"346",346,10,0.349391550809913,-0.282000462567548,-0.0800983206963633,0.19207818447549,0.201902141871184,0.17,639,1636,8364
"347",347,15,0.0042468462703569,-0.088457509295059,0.697333221545583,0.368713480607462,0.785790730840642,0.17,639,1636,8364
"348",348,12,0.184350104520215,-0.171644050756632,0.130620776601107,0.0446192223923046,0.302264827357738,0.17,639,1636,8364
"349",349,22,0.945473629831365,0.516953845761073,0.0477310236238301,0.019635909528691,-0.469222822137243,0.17,639,1636,8364
"350",350,10,0.858895917298043,0.359418355125768,-0.12783214821128,0.0137959126232856,-0.487250503337048,0.17,639,1636,8364
"351",351,17,0.523208848065358,0.415797253662397,0.398680716646947,0.132692903529579,-0.0171165370154493,0.17,639,1636,8364
"352",352,8,0.56582838847621,0.187761051910504,0.0920848434318939,0.236235180808232,-0.0956762084786106,0.17,639,1636,8364
"353",353,13,0.341408472849778,0.0529017301672581,0.24093678866561,0.21516041229237,0.188035058498352,0.17,639,1636,8364
"354",354,16,0.0332840376510363,-0.154829459228555,0.55222583331592,0.313780795149152,0.707055292544475,0.17,639,1636,8364
"355",355,16,0.0196753296754374,-0.266053209658786,0.477396280366845,0.218572939066209,0.743449490025632,0.17,639,1636,8364
"356",356,16,0.677492801744556,0.0737607522093677,-0.0731839823785366,0.188053578774768,-0.146944734587904,0.17,639,1636,8364
"357",357,10,0.891254842028153,0.625750432312823,0.0890065624780358,0.055028643390343,-0.536743869834788,0.17,639,1636,8364
"358",358,15,0.334066864541848,-0.336523838120661,-0.158586368106254,0.276447476650111,0.177937470014407,0.17,639,1636,8364
"359",359,26,0.398593076206691,-0.0538795950894664,0.010602137625943,0.106109912069525,0.0644817327154094,0.17,639,1636,8364
"360",360,6,0.421743403136308,0.303537252757229,0.407704007060362,0.0353596003302037,0.104166754303133,0.17,639,1636,8364
"361",361,10,0.131657810034371,0.0080055478597775,0.405011134347881,0.351525844220497,0.397005586488103,0.17,639,1636,8364
"362",362,8,0.694366504757863,0.0945203796176589,-0.213128565546319,0.112906155146078,-0.307648945163978,0.17,639,1636,8364
"363",363,9,0.711745308277722,-0.0367289221090609,-0.336866599915534,0.295343910743164,-0.300137677806473,0.17,639,1636,8364
"364",364,8,0.0147868834789853,-0.418538338844512,0.822851789144122,0.356358419241278,1.24139012798863,0.17,639,1636,8364
"365",365,14,0.0410903836892182,-0.149362533834429,0.590376195966577,0.585285499806347,0.739738729801006,0.17,639,1636,8364
"366",366,13,0.767275100128976,0.127728315225352,-0.149266024183022,0.218863575069536,-0.276994339408374,0.17,639,1636,8364
"367",367,20,0.0511735874883624,-0.0218199038284608,0.482293956703207,0.0631574023048297,0.504113860531668,0.17,639,1636,8364
"368",368,8,0.499828734522657,0.42425358972513,0.424511196018431,0.402603830646575,0.000257606293301182,0.17,639,1636,8364
"369",369,15,0.682738221420382,0.412918606552064,0.247081571548419,0.116353214314439,-0.165837035003644,0.17,639,1636,8364
"370",370,14,0.363024935679523,0.0743714770922977,0.187694329440361,0.0279044930113301,0.113322852348064,0.17,639,1636,8364
"371",371,10,0.34637856299774,0.152527658546461,0.372534404964838,0.193850254705426,0.220006746418378,0.17,639,1636,8364
"372",372,8,0.0575081681704483,-0.361660428630267,0.505386962932011,0.480672965302722,0.867047391562278,0.17,639,1636,8364
"373",373,16,0.0388135947677824,-0.216733742456748,0.437421360152115,0.428924537850566,0.654155102608862,0.17,639,1636,8364
"374",374,14,0.269040742825061,0.0810714932700556,0.360602467119813,0.115138964524759,0.279530973849757,0.17,639,1636,8364
"375",375,20,0.199160702440356,0.228955948194379,0.510586964482474,0.457078279947474,0.281631016288094,0.17,639,1636,8364
"376",376,14,0.101009863322424,0.0327674038207106,0.431135987254983,0.217123651379888,0.398368583434273,0.17,639,1636,8364
"377",377,16,0.336826475861395,0.148519808934515,0.289421067059453,0.308566762641369,0.140901258124938,0.17,639,1636,8364
"378",378,16,0.0243927952774298,-0.118751140068388,0.596564332882896,0.249911647258945,0.715315472951284,0.17,639,1636,8364
"379",379,8,0.319012010537866,-0.0810973433072548,0.0606293794111773,0.305924601984279,0.141726722718432,0.17,639,1636,8364
"380",380,15,0.100259863132299,-0.00659592219823002,0.504316658491115,0.21127664312894,0.510912580689345,0.17,639,1636,8364
"381",381,9,0.163113268424359,-0.118664391299078,0.530039735448557,0.689368737092363,0.648704126747635,0.17,639,1636,8364
"382",382,8,0.127877939341709,-0.946487764976258,-0.265856359547294,0.169722233262277,0.680631405428964,0.17,639,1636,8364
"383",383,13,0.857243521535993,0.345611514775537,-0.0720922887839532,0.0189190652025278,-0.41770380355949,0.17,639,1636,8364
"384",384,32,0.0290555911683023,0.0738484105749526,0.542471543363512,0.598178614601968,0.468623132788559,0.17,639,1636,8364
"385",385,17,0.0134208255370978,-0.616632619041567,0.128670483312581,0.219069245553362,0.745303102354148,0.17,639,1636,8364
"386",386,13,0.163579867183659,-0.409384064418085,-0.0564464368850673,0.145983900121948,0.352937627533018,0.17,639,1636,8364
"387",387,18,0.859686885667621,0.327495896272466,-0.0490869037728636,0.147964364711056,-0.37658280004533,0.17,639,1636,8364
"388",388,8,0.560181687467313,0.298538638915725,0.202286310378641,0.239417396132908,-0.096252328537084,0.17,639,1636,8364
"389",389,11,0.256977212531856,0.267643513715534,0.557628445022406,0.439718997459684,0.289984931306872,0.17,639,1636,8364
"390",390,13,0.891729512387975,0.374921172983116,-0.0817362349136024,0.118078669055177,-0.456657407896718,0.17,639,1636,8364
"391",391,8,0.0265951319587616,-0.031862237840009,1.20258963912411,0.523240662452676,1.23445187696412,0.17,639,1636,8364
"392",392,17,0.0570564133908567,-0.037935942188089,0.582539724063338,0.0895704305274963,0.620475666251427,0.17,639,1636,8364
"393",393,12,0.235777165335953,0.0775467593665581,0.332840895067589,0.406778188711227,0.255294135701031,0.17,639,1636,8364
"394",394,8,0.683427912268038,0.832459416894265,0.5809112504693,0.48824074774372,-0.251548166424965,0.17,639,1636,8364
"395",395,22,0.0386775068810466,0.0247459375742513,0.505409428409925,0.374735587485726,0.480663490835674,0.17,639,1636,8364
"396",396,18,0.664592152187552,0.43129562937228,0.289653512009333,0.23195113974844,-0.141642117362947,0.17,639,1636,8364
"397",397,9,0.551524539147165,0.264957183124737,0.196929827834326,0.218491062854283,-0.0680273552904118,0.17,639,1636,8364
"398",398,17,0.0290719495620411,0.180428800684531,0.752543641494085,0.657340101211317,0.572114840809553,0.17,639,1636,8364
"399",399,18,0.775356245916325,0.118917130230591,-0.193849377885477,0.0858495685511502,-0.312766508116068,0.17,639,1636,8364
"400",400,15,0.170606847089429,-0.231053672835633,0.0929002410425264,0.330944583266282,0.323953913878159,0.17,639,1636,8364
"401",401,11,0.648636049692082,0.0155303200074534,-0.164145128335256,0.317165670402935,-0.179675448342709,0.17,639,1636,8364
"402",402,11,0.396644258523191,0.41618977313565,0.506382367608278,0.437305643462416,0.0901925944726285,0.17,639,1636,8364
"403",403,10,0.220352666459601,0.58721477797585,0.931187935936084,0.38019466063151,0.343973157960233,0.17,639,1636,8364
"404",404,13,0.670591617441043,0.133691832611116,-0.0457929782869629,0.0341849133639337,-0.179484810898079,0.17,639,1636,8364
"405",405,13,0.0658798374244157,0.0619002893103869,0.654956376010604,0.304148555538167,0.593056086700217,0.17,639,1636,8364
"406",406,12,0.89165119981714,-0.0279537508563741,-0.583803518211462,0.11790761070489,-0.555849767355088,0.17,639,1636,8364
"407",407,11,0.0241256637275518,0.250596162099129,1.18350777804159,0.460576903907299,0.932911615942462,0.17,639,1636,8364
"408",408,20,0.0171703790340138,-0.147278237427825,0.473373837033067,0.623996082727788,0.620652074460892,0.17,639,1636,8364
"409",409,19,0.579144418741012,0.0378935605697533,-0.035547906479512,0.334730355797332,-0.0734414670492653,0.17,639,1636,8364
"410",410,25,0.132090327336223,-0.00680742786782941,0.36003458954409,0.279129616184294,0.36684201741192,0.17,639,1636,8364
"411",411,21,0.000206756701353669,-0.148670155988989,1.01761086043785,0.721088848423934,1.16628101642684,0.17,639,1636,8364
"412",412,17,0.230938436345066,-0.525218576470588,-0.283976007628242,0.0593334824354255,0.241242568842345,0.17,639,1636,8364
"413",413,16,0.0909432119224614,0.0786693616443228,0.560946443079395,0.284299981242059,0.482277081435072,0.17,639,1636,8364
"414",414,19,0.0471031477459422,-0.0412692022311372,0.516106992512999,0.350472251727225,0.557376194744136,0.17,639,1636,8364
"415",415,19,0.806099556556219,0.327554559275085,0.023129813883965,0.156576902331366,-0.30442474539112,0.17,639,1636,8364
"416",416,13,0.108556301087452,0.144430146163914,0.641026997818443,0.126191470470331,0.496596851654529,0.17,639,1636,8364
"417",417,10,0.0662292454734142,-0.397855113129008,0.333407447809727,0.304305075540942,0.731262560938735,0.17,639,1636,8364
"418",418,12,0.467320885075518,0.017050584751192,0.0526659767854099,0.361101525247899,0.0356153920342179,0.17,639,1636,8364
"419",419,10,0.608174721442587,0.27016038230527,0.152021639114432,0.318329829454144,-0.118138743190837,0.17,639,1636,8364
"420",420,20,0.287169369396174,0.197735789640408,0.391440183754911,0.233525750773212,0.193704394114503,0.17,639,1636,8364
"421",421,20,0.265304281006204,0.0837248729449855,0.331495479985032,0.18011131889801,0.247770607040046,0.17,639,1636,8364
"422",422,21,0.269258997855389,-0.0799676285937722,0.111093460530622,0.0312013159689281,0.191061089124394,0.17,639,1636,8364
"423",423,16,0.026389888324199,-0.154722164220454,0.301271548876526,0.287601722190087,0.45599371309698,0.17,639,1636,8364
"424",424,16,0.131861119659047,-0.146365028818349,0.217709712151853,0.295979640153494,0.364074740970202,0.17,639,1636,8364
"425",425,24,7.88204828291579e-05,-0.475678020401976,0.652807419068534,0.501383120751897,1.12848543947051,0.17,639,1636,8364
"426",426,12,0.7323513754966,0.800079236690517,0.538114617076007,0.2703901061324,-0.26196461961451,0.17,639,1636,8364
"427",427,15,0.753731972901131,-0.0271268865543811,-0.250882993908063,0.234386603403089,-0.223756107353682,0.17,639,1636,8364
"428",428,13,0.123328675847257,-0.123372641919406,0.421144496408346,0.18075292560404,0.544517138327753,0.17,639,1636,8364
"429",429,15,0.109526384049751,0.148753340245804,0.524257730277886,0.0877137319724338,0.375504390032082,0.17,639,1636,8364
"430",430,23,0.783943019226565,-0.106145239202404,-0.337977401999753,0.0221946300981353,-0.231832162797349,0.17,639,1636,8364
"431",431,12,0.849359402230758,0.17414781427993,-0.228426137630701,0.230757481616135,-0.402573951910631,0.17,639,1636,8364
"432",432,12,0.0423312863258629,0.220606050537237,0.837050465342295,0.505553103078161,0.616444414805058,0.17,639,1636,8364
"433",433,12,0.160851914716774,-0.214123210254813,0.163991932910612,0.217232577004256,0.378115143165424,0.17,639,1636,8364
"434",434,16,0.435848676993481,0.0213977443825714,0.080565031003796,0.163163095308648,0.0591672866212246,0.17,639,1636,8364
"435",435,16,0.801186126326844,0.244435595211159,-0.0764409730745802,0.00234058327327031,-0.320876568285739,0.17,639,1636,8364
"436",436,14,0.0523657973230965,-0.0433027204158224,0.657891449075169,0.191821022629231,0.701194169490992,0.17,639,1636,8364
"437",437,15,0.607076563868986,0.2841342802689,0.208537906128292,0.20756769692306,-0.0755963741406081,0.17,639,1636,8364
"438",438,14,0.3329610662956,0.0955799796030316,0.278580725378367,0.225445614136299,0.183000745775335,0.17,639,1636,8364
"439",439,12,0.459034262195326,-0.0176625694735636,0.0290323696471925,0.364837989978131,0.0466949391207562,0.17,639,1636,8364
"440",440,16,0.282599767647619,0.222974222809752,0.409061572346525,0.121168033393118,0.186087349536773,0.17,639,1636,8364
"441",441,17,0.73232145322304,0.116414466710277,-0.0976360337409064,0.0311605751213079,-0.214050500451184,0.17,639,1636,8364
"442",442,10,0.821220103219771,0.414399574777854,0.0373032653352327,0.275158799448351,-0.377096309442622,0.17,639,1636,8364
"443",443,9,0.172722133613111,-0.398810612143566,0.0968975381023256,0.296040450688425,0.495708150245891,0.17,639,1636,8364
"444",444,10,0.708403426008447,0.535563046964394,0.268048780416647,0.208431761150187,-0.267514266547748,0.17,639,1636,8364
"445",445,44,0.226170435612453,-0.104580222862862,0.0861690778737684,0.0866599357836915,0.19074930073663,0.17,639,1636,8364
"446",446,20,0.674510615723592,-0.0110568507575387,-0.178524886799456,0.0171737428010474,-0.167468036041917,0.17,639,1636,8364
"447",447,15,0.561299880650505,-0.00968729153957797,-0.0667851135493914,0.208665486506977,-0.0570978220098134,0.17,639,1636,8364
"448",448,18,0.317864330967434,-0.230073233264637,-0.0433964885488664,0.225831615165519,0.186676744715771,0.17,639,1636,8364
"449",449,7,0.38697761559677,-0.210082282545715,-0.0485219249568117,0.534775576030989,0.161560357588903,0.17,639,1636,8364
"450",450,6,0.0620591488226648,-0.159333781505467,0.56155273237416,0.500796999721442,0.720886513879627,0.17,639,1636,8364
"451",451,9,0.619787322969685,0.0680952828958702,-0.0565117985998414,0.249238032401005,-0.124607081495712,0.17,639,1636,8364
"452",452,23,0.029260973067737,-0.0201878014619951,0.488449087795222,0.331127295299649,0.508636889257217,0.17,639,1636,8364
"453",453,14,0.459887061357821,0.433949136019395,0.470962504679213,0.0623822682270022,0.037013368659818,0.17,639,1636,8364
"454",454,13,0.0434848409214036,-0.443499554351296,0.307440450773749,0.13738211034716,0.750940005125044,0.17,639,1636,8364
"455",455,10,0.289732673739179,-0.366412828749789,-0.0617663075902112,0.171992157990316,0.304646521159578,0.17,639,1636,8364
"456",456,10,0.907920003719276,0.45621718094436,-0.163768360927012,0.135473489116627,-0.619985541871372,0.17,639,1636,8364
"457",457,16,0.102162713888475,-0.161751444789685,0.242356374005734,0.0992340208661841,0.404107818795419,0.17,639,1636,8364
"458",458,9,0.315571470848052,-0.0108729631857211,0.231420609996957,0.582294723410359,0.242293573182678,0.17,639,1636,8364
"459",459,11,0.934766278892078,0.0178958159055166,-0.608002810649164,0.00252586921795098,-0.625898626554681,0.17,639,1636,8364
"460",460,10,0.316631230311692,-0.131988880744036,0.0340540532806279,0.0053544544242074,0.166042934024664,0.17,639,1636,8364
"461",461,24,0.0094664882402009,-0.381568825902753,0.275936324773916,0.202343617665051,0.657505150676669,0.17,639,1636,8364
"462",462,13,0.0116636125595826,-0.187200490421763,0.62714804563344,0.541915558187622,0.814348536055203,0.17,639,1636,8364
"463",463,7,0.550106264615301,0.254044529532891,0.19345620858498,0.496880116619887,-0.0605883209479104,0.17,639,1636,8364
"464",464,9,0.427998890351271,0.0378343344896693,0.124658379330997,0.13193853181705,0.0868240448413276,0.17,639,1636,8364
"465",465,19,0.89479183844674,0.46956577170728,0.136008181445114,0.206963243666977,-0.333557590262166,0.17,639,1636,8364
"466",466,18,0.151159774323405,0.017642506340375,0.261092723116227,0.28781331064748,0.243450216775852,0.17,639,1636,8364
"467",467,13,0.170874791267788,0.139597322736859,0.532626182278167,0.731283885637869,0.393028859541308,0.17,639,1636,8364
"468",468,8,0.211800875890976,-0.34916261974118,0.0636318803989147,0.313650573939962,0.412794500140095,0.17,639,1636,8364
"469",469,12,0.504248624304448,-0.0479282933818924,-0.0520565827905366,0.163099933845613,-0.00412828940864424,0.17,639,1636,8364
"470",470,18,0.313026390700869,0.210854837764486,0.372898906320778,0.075299487181835,0.162044068556292,0.17,639,1636,8364
"471",471,7,0.172186901433617,0.389815777387844,0.98691456127508,0.777859866623589,0.597098783887237,0.17,639,1636,8364
"472",472,11,0.781230695004893,0.0125106373448581,-0.26249114421863,0.044930890805987,-0.275001781563488,0.17,639,1636,8364
"473",473,16,0.600038854858184,0.0413180739323728,-0.0565328327627427,0.0338668055578986,-0.0978509066951155,0.17,639,1636,8364
"474",474,11,0.0488367573841003,-0.0829243632889459,0.566902717112423,0.255265467646371,0.649827080401369,0.17,639,1636,8364
"475",475,10,0.469948164825418,-0.129631436005162,-0.0977710219880417,0.112516519508127,0.03186041401712,0.17,639,1636,8364
"476",476,7,0.0609548902643308,-0.450906536702018,0.467913812812603,0.311642567200809,0.918820349514621,0.17,639,1636,8364
"477",477,11,0.742708408075709,0.236510108198948,-0.0288276827402921,0.181748472240035,-0.26533779093924,0.17,639,1636,8364
"478",478,35,0.218549838488383,0.015865066004624,0.197328354957304,0.0569048088386516,0.18146328895268,0.17,639,1636,8364
"479",479,11,0.173880187136762,0.198159669470656,0.613435924345901,0.393684162067829,0.415276254875245,0.17,639,1636,8364
"480",480,11,0.0259943522180665,-0.143845683705131,0.625570654504568,0.0135175957615632,0.769416338209699,0.17,639,1636,8364
"481",481,11,0.585467140423151,-0.198875862545598,-0.298201089995614,0.120050245970761,-0.0993252274500158,0.17,639,1636,8364
"482",482,7,0.99126429609126,0.634522054533828,-0.357326846959551,0.029876259802454,-0.991848901493378,0.17,639,1636,8364
"483",483,14,0.439820688581957,-0.192374183706118,-0.138568702676868,0.0757324456280653,0.0538054810292494,0.17,639,1636,8364
"484",484,18,0.00235513740791373,-0.0580928040179112,1.01395942810017,0.448235774604678,1.07205223211809,0.17,639,1636,8364
"485",485,15,0.452275156534626,0.0426911439012266,0.0842182196742953,0.163902840100295,0.0415270757730687,0.17,639,1636,8364
"486",486,28,0.254460184057279,-0.167834314662407,0.0111776974200783,0.243366842892307,0.179012012082486,0.17,639,1636,8364
"487",487,14,0.637754737448734,-0.153063816852647,-0.288724992670018,0.0613415943612577,-0.135661175817371,0.17,639,1636,8364
"488",488,17,0.184256614865119,-0.134270987357801,0.206522607911063,0.108609435932457,0.340793595268863,0.17,639,1636,8364
"489",489,13,0.0125494708793862,-0.40476351766159,0.811883669034031,0.648545964267399,1.21664718669562,0.17,639,1636,8364
"490",490,16,0.728180859663977,0.155183386476234,-0.062121544523964,0.121364972355402,-0.217304931000198,0.17,639,1636,8364
"491",491,34,0.205361114078656,0.28388944444097,0.487611555138227,0.289433878009044,0.203722110697257,0.17,639,1636,8364
"492",492,14,0.000248515475209855,-0.365324740393665,0.730557632038302,0.280621844546138,1.09588237243197,0.17,639,1636,8364
"493",493,12,0.755654786167838,0.217616513068335,-0.0339601336280515,0.171151414592993,-0.251576646696387,0.17,639,1636,8364
"494",494,18,0.0816237695291632,0.0897208407209377,0.634938743352399,0.486177373803152,0.545217902631462,0.17,639,1636,8364
"495",495,12,0.235761082024866,0.222854963014091,0.547579868598008,0.323504868042101,0.324724905583916,0.17,639,1636,8364
"496",496,18,0.44054908906076,-0.00466493317591144,0.0409491283828499,0.223433656627492,0.0456140615587614,0.17,639,1636,8364
"497",497,14,0.842455214396832,0.522152540339226,0.231325310745378,0.0774548810050221,-0.290827229593848,0.17,639,1636,8364
"498",498,19,0.107447850526168,-0.0878364275864552,0.285767835085422,0.0784495946877219,0.373604262671877,0.17,639,1636,8364
"499",499,12,0.119144665310976,-0.115266061525786,0.44591434463022,0.275272474494634,0.561180406156006,0.17,639,1636,8364
"500",500,9,0.0130214569973903,-0.313932569832248,1.15055768226067,0.155020714400599,1.46449025209292,0.17,639,1636,8364
"501",501,12,0.0439542866220253,-0.00473723695181455,0.662804308265115,0.393196424787886,0.66754154521693,0.17,639,1636,8364
"502",502,11,0.789624543025329,0.0789009477762867,-0.302168270200873,0.0405081546762912,-0.38106921797716,0.17,639,1636,8364
"503",503,7,0.195146900871535,0.236589039681964,0.742862192361329,0.364236744953278,0.506273152679365,0.17,639,1636,8364
"504",504,13,0.420254340102751,0.075678188900801,0.169022573922455,0.321356671730005,0.0933443850216537,0.17,639,1636,8364
"505",505,8,0.264917953882584,-0.217950430484882,0.121699808021578,0.217149642719893,0.33965023850646,0.17,639,1636,8364
"506",506,13,0.899590678703661,0.214124012763142,-0.185842224507175,0.0892369640519204,-0.399966237270317,0.17,639,1636,8364
"507",507,20,0.216570503434994,0.150337117668163,0.346515080637844,0.411455139874444,0.196177962969682,0.17,639,1636,8364
"508",508,6,0.179923608930386,-0.0287735516947038,0.452836756309778,0.123296705692728,0.481610308004482,0.17,639,1636,8364
"509",509,32,0.934809924742185,0.18459067455512,-0.219480471868141,0.01423923380813,-0.40407114642326,0.17,639,1636,8364
"510",510,18,0.357731684034902,0.066029402886548,0.201343273153225,0.26183139675082,0.135313870266677,0.17,639,1636,8364
"511",511,8,0.0180257151669357,-0.759424912196385,0.555985635191942,0.186317380134254,1.31541054738833,0.17,639,1636,8364
"512",512,12,0.0647274794675589,0.0945115935195653,0.818283152334548,0.618283507577457,0.723771558814983,0.17,639,1636,8364
"513",513,8,0.193967039547786,0.0306112276384463,0.559490235322917,0.553257491565643,0.528879007684471,0.17,639,1636,8364
"514",514,10,0.285332313547613,-0.225298002976736,0.0754194381742877,0.243758367731017,0.300717441151024,0.17,639,1636,8364
"515",515,10,0.277404757843444,-0.150889704868938,0.0852050800631821,0.126457070595138,0.23609478493212,0.17,639,1636,8364
"516",516,8,0.933382630640547,0.943819813045855,0.379044964208846,0.259564533296279,-0.564774848837009,0.17,639,1636,8364
"517",517,14,0.0441266114309009,-0.480858045891018,0.33513912032701,0.570890145872532,0.815997166218028,0.17,639,1636,8364
"518",518,8,0.0010069845678035,-0.0223395341303147,1.18372142527428,0.492852747969938,1.2060609594046,0.17,639,1636,8364
"519",519,17,0.13926347059992,-0.0156771856872186,0.373002274716619,0.146976347910902,0.388679460403838,0.17,639,1636,8364
"520",520,21,0.652208971051758,0.156999687930384,0.0155841739707437,0.329221669086901,-0.14141551395964,0.17,639,1636,8364
"521",521,8,0.00463609894701963,-0.364101763647875,1.08517400356717,0.734175627425681,1.44927576721505,0.17,639,1636,8364
"522",522,25,0.0985602459767597,-0.154517211781769,0.178349982970887,0.312136586544111,0.332867194752655,0.17,639,1636,8364
"523",523,23,0.21003489020787,0.0161531357158251,0.285003575991892,0.33866095865837,0.268850440276067,0.17,639,1636,8364
"524",524,10,0.178745936993398,0.0329533749925179,0.426548231858549,0.365082811278765,0.393594856866031,0.17,639,1636,8364
"525",525,12,0.385497248849938,-0.0749346559391243,0.0557697384800019,0.173496953665146,0.130704394419126,0.17,639,1636,8364
"526",526,19,0.0662674492031061,-0.351665040057418,0.150010188123372,0.144544898150286,0.50167522818079,0.17,639,1636,8364
"527",527,22,0.112772843032176,-0.226365905752825,0.138593149484559,0.130146644812436,0.364959055237385,0.17,639,1636,8364
"528",528,15,0.0398083458569246,-0.135880328058254,0.464700867243882,0.400145997036982,0.600581195302136,0.17,639,1636,8364
"529",529,6,0.0265192514012542,-0.403383124325772,0.658567937110055,0.313795138262912,1.06195106143583,0.17,639,1636,8364
"530",530,14,0.153016166889841,0.0717261291322268,0.451128357866536,0.248365997433731,0.379402228734309,0.17,639,1636,8364
"531",531,12,0.43859122891545,-0.319894633513028,-0.259175088535053,0.300442691513849,0.060719544977975,0.17,639,1636,8364
"532",532,8,0.0191096272280457,-0.59256815366483,0.448063887374247,0.768230275734136,1.04063204103908,0.17,639,1636,8364
"533",533,9,0.982358351150422,0.790110898987432,-0.308267223181834,0.102214699952218,-1.09837812216927,0.17,639,1636,8364
"534",534,17,0.029529657508142,-0.376799969459832,0.25781591496792,0.021713653349845,0.634615884427752,0.17,639,1636,8364
"535",535,12,0.000740118131618506,0.0655931845845955,1.07787207650002,0.489551621095391,1.01227889191543,0.17,639,1636,8364
"536",536,7,0.714208822824782,0.537649502501045,0.121517533376355,0.482383108314454,-0.41613196912469,0.17,639,1636,8364
"537",537,11,0.0016235423551542,-0.293973244619843,0.881766979341039,0.701129131844832,1.17574022396088,0.17,639,1636,8364
"538",538,29,0.354309234420796,-0.0941472950703256,-0.00162893571777465,0.030646452994634,0.092518359352551,0.17,639,1636,8364
"539",539,16,0.677405748962584,0.0529418941979339,-0.0992643822542359,0.122559205967239,-0.15220627645217,0.17,639,1636,8364
"540",540,17,0.882801405530853,0.366862764536585,-0.0417475293797638,0.257851897265646,-0.408610293916349,0.17,639,1636,8364
"541",541,10,0.00091038276679896,-0.443955109909226,0.865418522746944,0.623246558794363,1.30937363265617,0.17,639,1636,8364
"542",542,9,0.105940687565197,0.154229412747799,0.722354213146363,0.171718678761305,0.568124800398564,0.17,639,1636,8364
"543",543,22,0.203646755359737,-0.014870111721125,0.201420783095341,0.229853501470921,0.216290894816466,0.17,639,1636,8364
"544",544,23,0.123314801477285,-0.185215196275448,0.176063984780539,0.10454385703469,0.361279181055987,0.17,639,1636,8364
"545",545,12,0.0954031669013537,-0.249196901658939,0.380864273424084,0.587864469699481,0.630061175083023,0.17,639,1636,8364
"546",546,10,0.000551962637936605,-0.639929831927829,0.956156636487528,0.487160777337148,1.59608646841536,0.17,639,1636,8364
"547",547,12,0.484836970055503,0.213610226403788,0.231160204620439,0.411262533992214,0.0175499782166519,0.17,639,1636,8364
"548",548,24,0.0253155935549404,-0.135929191528568,0.389703522889456,0.514239614374812,0.525632714418024,0.17,639,1636,8364
"549",549,15,0.716473768978281,-0.0663214366252435,-0.318963193736519,0.0153069650760149,-0.252641757111275,0.17,639,1636,8364
"550",550,25,0.00906602380467026,-0.244523610337655,0.397847054905169,0.592325019050332,0.642370665242824,0.17,639,1636,8364
"551",551,8,0.230848892966386,-0.41180722225422,0.0300864730932976,0.469719403948414,0.441893695347518,0.17,639,1636,8364
"552",552,19,0.793962661848725,0.483652328394615,0.187827063127044,0.452030334234747,-0.295825265267571,0.17,639,1636,8364
"553",553,7,0.675612015393475,0.116241518441047,-0.144998742040374,0.558397961348211,-0.261240260481421,0.17,639,1636,8364
"554",554,14,0.62373640469641,0.31584668424009,0.197056337321494,0.101335342936058,-0.118790346918596,0.17,639,1636,8364
"555",555,26,0.00428388119062767,-0.0138065515539434,0.593100595622766,0.181727940906333,0.606907147176709,0.17,639,1636,8364
"556",556,14,0.810240065255144,0.5806083343327,0.201856598166495,0.113189752676234,-0.378751736166206,0.17,639,1636,8364
"557",557,16,0.711677135913301,0.204567558762166,-0.00339259337575951,0.145086379354486,-0.207960152137926,0.17,639,1636,8364
"558",558,13,0.0661430433654866,-0.0648838311819184,0.562836450636241,0.412276201465478,0.627720281818159,0.17,639,1636,8364
"559",559,12,0.211831796579815,0.355225069820868,0.671208824468757,0.140688858648416,0.315983754647889,0.17,639,1636,8364
"560",560,24,0.0542857537815638,-0.276294207430004,0.221075449513353,0.370931974899434,0.497369656943357,0.17,639,1636,8364
"561",561,12,0.0157478822589494,0.200687374694275,1.08905067156448,0.510994893144552,0.888363296870202,0.17,639,1636,8364
"562",562,13,0.703351122507324,0.263372383071124,0.0914242231314822,0.318733733733829,-0.171948159939642,0.17,639,1636,8364
"563",563,21,0.0485992904719541,-0.175470775163498,0.272744502649293,0.366732324192129,0.448215277812792,0.17,639,1636,8364
"564",564,14,0.0265391675173479,-0.354514371113219,0.416715140150863,0.602281857121879,0.771229511264082,0.17,639,1636,8364
"565",565,13,0.33266001106305,0.138264636145761,0.29668480361173,0.235381760991055,0.158420167465969,0.17,639,1636,8364
"566",566,11,0.74921246457364,0.623899704492786,0.262900217358741,0.233583404025846,-0.360999487134045,0.17,639,1636,8364
"567",567,19,0.623194171457662,0.23992427609815,0.127640287936664,0.0694807156427378,-0.112283988161486,0.17,639,1636,8364
"568",568,9,0.103588667184754,0.0875711134072255,0.725435167259795,0.221947053958043,0.63786405385257,0.17,639,1636,8364
"569",569,30,0.487199437286589,0.084118486767923,0.0915534343562936,0.0425925846291895,0.00743494758837054,0.17,639,1636,8364
"570",570,13,0.966113624346028,0.65404458072321,-0.0215860805247328,0.154340569045948,-0.675630661247943,0.17,639,1636,8364
"571",571,12,0.265639698246915,0.338728170310643,0.551052618205839,0.385381238924681,0.212324447895195,0.17,639,1636,8364
"572",572,24,0.00833789065436658,-0.17193805788284,0.475358999795099,0.520560035836344,0.647297057677939,0.17,639,1636,8364
"573",573,8,0.103299649610867,-0.429338964958991,0.128225220093944,0.153754689657992,0.557564185052934,0.17,639,1636,8364
"574",574,8,0.67437376043839,0.60031022050644,0.376975807815902,0.327778873011522,-0.223334412690538,0.17,639,1636,8364
"575",575,8,0.228849936410301,0.238734354785369,0.604289120997286,0.677400027854671,0.365554766211917,0.17,639,1636,8364
"576",576,7,0.238348830786926,-0.390733406058746,-0.0266440393199786,0.428427890559195,0.364089366738768,0.17,639,1636,8364
"577",577,15,0.0286853364445604,-0.43055115857999,0.525061986646391,0.463632197390719,0.955613145226381,0.17,639,1636,8364
"578",578,18,0.131805767740832,-0.0323647750553232,0.310112206940975,0.152237833374153,0.342476981996298,0.17,639,1636,8364
"579",579,11,0.658850106868941,0.232432464334098,0.0744220717882563,0.125138761591668,-0.158010392545842,0.17,639,1636,8364
"580",580,12,0.202244597382208,0.327347570532928,0.725229740441144,0.421103068715977,0.397882169908216,0.17,639,1636,8364
"581",581,9,0.260214594338222,0.0633246058852841,0.463440058975598,0.102871610403898,0.400115453090314,0.17,639,1636,8364
"582",582,16,0.783101958864745,0.138710230942384,-0.175211793972414,0.0316983442604034,-0.313922024914798,0.17,639,1636,8364
"583",583,13,0.45833593738656,-0.0785457150248999,-0.0396329474501243,0.359187673569655,0.0389127675747756,0.17,639,1636,8364
"584",584,10,0.759913142992749,-0.0487010885633726,-0.372881307790137,0.0510682623588178,-0.324180219226765,0.17,639,1636,8364
"585",585,16,0.118042942795392,0.258789985838942,0.612247390082236,0.369845416036731,0.353457404243294,0.17,639,1636,8364
"586",586,9,0.0485309049451153,0.231621092801464,0.985222367382646,0.229758904423094,0.753601274581181,0.17,639,1636,8364
"587",587,14,0.0785781250112505,-0.252246495021046,0.422595509966647,0.106844087075871,0.674842004987693,0.17,639,1636,8364
"588",588,15,0.032482351608416,-0.4918242398526,0.242728610968681,0.125747388435367,0.734552850821281,0.17,639,1636,8364
"589",589,13,0.0335545863029673,-0.472571789373435,0.24369177269258,0.395709633689161,0.716263562066015,0.17,639,1636,8364
"590",590,19,0.794190118477189,0.124369722134746,-0.172260139448397,0.091739039024081,-0.296629861583142,0.17,639,1636,8364
"591",591,13,0.0247502350415299,-0.0824378911794307,0.632481991969276,0.104548259052319,0.714919883148707,0.17,639,1636,8364
"592",592,6,0.234801636452325,0.283017353722631,0.872861728341352,0.526990400540805,0.589844374618721,0.17,639,1636,8364
"593",593,7,0.181594592175693,0.0202751235682284,0.422168248472989,0.362034133569121,0.401893124904761,0.17,639,1636,8364
"594",594,10,0.733402144508225,0.359516481594339,0.0104772456377898,0.188536200665596,-0.34903923595655,0.17,639,1636,8364
"595",595,20,0.187815676193716,0.0937966592758625,0.43536419964676,0.384977765608926,0.341567540370898,0.17,639,1636,8364
"596",596,19,0.13584806911931,0.269275009483597,0.622244695183429,0.218994769742732,0.352969685699832,0.17,639,1636,8364
"597",597,13,0.0284442403712138,-0.254464669683475,0.747172487143552,0.2131000134647,1.00163715682703,0.17,639,1636,8364
"598",598,8,0.780284647663363,0.374904700545653,0.0117931418299296,0.110493528722074,-0.363111558715724,0.17,639,1636,8364
"599",599,15,0.0680507754798797,0.0409623168888984,0.624676596932546,0.57110338570583,0.583714280043648,0.17,639,1636,8364
"600",600,18,0.0740037784830957,0.0135992665029078,0.487720242549383,0.404901622906141,0.474120976046476,0.17,639,1636,8364
"601",601,21,0.106361702979018,0.230676213902371,0.596723435832088,0.558819053783018,0.366047221929717,0.17,639,1636,8364
"602",602,14,0.174327171278587,0.251333858601873,0.568809672662234,0.545450192055253,0.317475814060361,0.17,639,1636,8364
"603",603,15,0.862138487213358,0.124191647445502,-0.24761946831911,0.0886739424003575,-0.371811115764612,0.17,639,1636,8364
"604",604,9,0.123044386673975,-0.162153954969513,0.312745481273217,0.34610858507315,0.474899436242731,0.17,639,1636,8364
"605",605,23,0.0083645020998042,-0.142021259967358,0.439588419673916,0.561134491804927,0.581609679641273,0.17,639,1636,8364
"606",606,12,0.507320399952277,-0.243102803690592,-0.249677082919949,0.263666901256033,-0.00657427922935719,0.17,639,1636,8364
"607",607,21,0.0227351510491991,0.061733314763801,0.708709943133938,0.525282463021774,0.646976628370137,0.17,639,1636,8364
"608",608,18,0.254988540618764,-0.303871593481108,-0.119489471411565,0.181255397252096,0.184382122069542,0.17,639,1636,8364
"609",609,28,0.258834123705955,-0.0610102598415786,0.107923435348187,0.0641069952522472,0.168933695189765,0.17,639,1636,8364
"610",610,18,0.0192750593914444,-0.285296251064781,0.366618001544933,0.122672655307743,0.651914252609713,0.17,639,1636,8364
"611",611,8,0.256582270843319,-0.11219370217136,0.26374847977391,0.0117851213847189,0.375942181945269,0.17,639,1636,8364
"612",612,11,0.364982897846275,-0.407412872519742,-0.266517609313446,0.0156953477433056,0.140895263206296,0.17,639,1636,8364
"613",613,7,0.411728723174791,-0.301782685199263,-0.21374219786927,0.121029037151546,0.0880404873299922,0.17,639,1636,8364
"614",614,9,0.130726561095512,0.0935582245754971,0.593852460202299,0.369623787714818,0.500294235626802,0.17,639,1636,8364
"615",615,16,0.341635310583192,0.0994441383332863,0.246714007039156,0.187839773774935,0.147269868705869,0.17,639,1636,8364
"616",616,18,0.406071256502767,-0.0198077196550154,0.0518532123244061,0.105347533227417,0.0716609319794215,0.17,639,1636,8364
"617",617,14,0.0290471786098825,-0.448235289736737,0.227135862865644,0.593735416506707,0.675371152602381,0.17,639,1636,8364
"618",618,16,0.0302581253600352,-0.355360409096513,0.214842391777279,0.34277570255832,0.570202800873792,0.17,639,1636,8364
"619",619,23,0.688174836046656,0.121549698102708,-0.0159631181309775,0.277413094198402,-0.137512816233685,0.17,639,1636,8364
"620",620,10,0.500554639257491,0.257769965778481,0.257134987105483,0.240796740905573,-0.000634978672997943,0.17,639,1636,8364
"621",621,11,0.448954106015129,-0.234399535373266,-0.179540109942267,0.108679977125568,0.0548594254309986,0.17,639,1636,8364
"622",622,8,0.777799123286353,-0.187579756554236,-0.540729707168864,0.0565780384121091,-0.353149950614627,0.17,639,1636,8364
"623",623,12,0.03209972381923,0.0221305859379487,0.64051746795374,0.330329940511646,0.618386882015791,0.17,639,1636,8364
"624",624,29,0.890586439057815,0.280400582928154,-0.0508089396951369,0.049406081756572,-0.331209522623291,0.17,639,1636,8364
"625",625,18,0.436823957798686,-0.0763348384851693,-0.0259377525737487,0.00876992303111359,0.0503970859114206,0.17,639,1636,8364
"626",626,8,0.153385497271354,-0.487299033392669,0.00934680387797434,0.219129099722348,0.496645837270643,0.17,639,1636,8364
"627",627,10,0.584628496766371,0.0135819934108923,-0.0744221029976491,0.0312810996509901,-0.0880040964085414,0.17,639,1636,8364
"628",628,22,0.879600337809523,-0.0227942070578097,-0.340007273963098,0.0227472589949889,-0.317213066905288,0.17,639,1636,8364
"629",629,8,0.14576949217431,0.00375263116387059,0.717428975105462,0.565878327968763,0.713676343941592,0.17,639,1636,8364
"630",630,12,0.0835750011401879,-0.314810396063617,0.208361080160362,0.077346191678021,0.52317147622398,0.17,639,1636,8364
"631",631,11,0.774628518972508,0.0420138753876071,-0.335172340819247,0.0876031367718834,-0.377186216206854,0.17,639,1636,8364
"632",632,20,0.00228316144666887,-0.270297949499356,0.650064191301432,0.207703050028538,0.920362140800788,0.17,639,1636,8364
"633",633,11,0.296675450389234,0.0140048109115887,0.25383947695959,0.445921313310056,0.239834666048001,0.17,639,1636,8364
"634",634,10,0.184640619460852,-0.534720828825287,-0.207150508186601,0.163263307054496,0.327570320638686,0.17,639,1636,8364
"635",635,11,0.157925431630137,-0.182616756274731,0.257894564941718,0.501257470240723,0.440511321216448,0.17,639,1636,8364
"636",636,15,0.841166057983547,-0.0986315629902966,-0.489488396292399,0.151427969916897,-0.390856833302103,0.17,639,1636,8364
"637",637,8,0.815734618998051,0.657947334783276,0.241985366667186,0.168712502367211,-0.41596196811609,0.17,639,1636,8364
"638",638,11,0.0932228991091067,0.0312621613944924,0.469187535475541,0.301752410096619,0.437925374081049,0.17,639,1636,8364
"639",639,7,0.228597790715678,-0.269802377742145,0.0972332017811125,0.122603346777137,0.367035579523257,0.17,639,1636,8364
