"","X","H0","init_sample_size","decision_crit","sampsize_approach","all_positives","all_negatives","prev_pop","rep_attempts","true_pos","false_neg","true_neg","false_pos","Sensitivity","Specificity","FNR","FPR","FDR","Prevalence","Sample_prev","PPV_pop_prev","PPV_sample_prev","mean_N","median_effect","median_effect_success","median_ES_true","SESOI"
"1",1,2,7,"equivalence","standard",2929,7071,0.298,8225,2234,671,2424,2896,0.762717651075452,0.342808655070004,0.229088426083988,0.409560175364164,0.564522417153996,0.298,0.2905,0.330057009977293,0.322120416892847,47.2662613981763,0.368,0.5184,0.752699529253671,1
"2",2,2,10,"equivalence","standard",2929,7071,0.298,8145,2296,609,2180,3060,0.783885285080232,0.308301513223024,0.207920792079208,0.432753500212134,0.571321882001494,0.298,0.2905,0.324815781197556,0.316945594816893,44.2687538367096,0.378,0.5088,0.763481100460645,1
"3",3,2,15,"equivalence","standard",2929,7071,0.298,7566,2331,587,1862,2786,0.795834755889382,0.263329090651959,0.200409696142028,0.394003676990525,0.544459644322845,0.298,0.2918,0.314408340928624,0.308016747439864,34.2842981760508,0.40045,0.5294,0.815609592670855,1
"4",1,2,7,"equivalence","SESOI",2929,7071,0.298,8225,2385,520,3942,1378,0.814271082280642,0.55748833262622,0.177534994878798,0.194880497807948,0.366197183098592,0.298,0.2905,0.438558735927405,0.429686480575981,7,0.436,0.803,0.752699529253671,1
"5",2,2,10,"equivalence","SESOI",2929,7071,0.298,8145,2374,531,3929,1311,0.810515534312052,0.555649837363881,0.181290542847388,0.185405176071277,0.355766621438263,0.298,0.2905,0.43640078943609,0.427538946001842,7,0.4311,0.8191,0.763481100460645,1
"6",3,2,15,"equivalence","SESOI",2929,7071,0.298,7566,2378,540,3372,1276,0.811881188118812,0.476877386508273,0.184363263912598,0.18045538113421,0.349206349206349,0.298,0.2918,0.397162588668932,0.390045783551122,7,0.46335,0.8254,0.815609592670855,1
"7",1,2,7,"significance","standard",2929,7071,0.298,3137,1489,662,700,286,0.508364629566405,0.0989958987413379,0.226015705018778,0.0404468957714609,0.16112676056338,0.298,0.2151,0.193231039810504,0.133916583893785,5.39719477207523,0.729,1.0714,1.37188387299171,1
"8",2,2,10,"significance","standard",2929,7071,0.298,3868,1889,620,809,550,0.644930010242404,0.114410974402489,0.211676340047798,0.077782491868194,0.22550225502255,0.298,0.2509,0.236141545786889,0.196087535001534,7.19855222337125,0.65785,0.9084,1.25162631289718,1
"9",3,2,15,"significance","standard",2929,7071,0.298,4637,2180,568,934,955,0.744281324684193,0.132088813463442,0.193922840559918,0.135058690425682,0.304625199362041,0.298,0.2748,0.266880011885045,0.245256339772987,9.7013155057149,0.5957,0.7797,1.1521645641679,1
"10",1,2,7,"significance","SESOI",2929,7071,0.298,3137,1875,276,662,324,0.640150221918744,0.0936218356668081,0.0942301126664391,0.0458209588459907,0.147339699863574,0.298,0.2151,0.230659037088468,0.162164974881551,7,0.7595,0.9854,1.37188387299171,1
"11",2,2,10,"significance","SESOI",2929,7071,0.298,3868,2137,372,927,432,0.729600546261523,0.131098854476029,0.127005804028679,0.0610946117946542,0.168158816660179,0.298,0.2509,0.262779434830258,0.219505533699809,7,0.68625,0.9513,1.25162631289718,1
"12",3,2,15,"significance","SESOI",2929,7071,0.298,4637,2325,423,1267,622,0.793786275179242,0.179182576721822,0.144417890064869,0.0879649271673031,0.211062097047845,0.298,0.2748,0.291042480977595,0.268177216165096,7,0.6342,0.903,1.1521645641679,1
"13",1,2,7,"equivalence","standard",4576,5424,0.466,8366,3328,1140,1986,1912,0.727272727272727,0.366150442477876,0.249125874125874,0.352507374631268,0.364885496183206,0.466,0.4468,0.500319926887428,0.480979527892296,49.2267511355486,0.36145,0.5028,0.745446096130715,0.7
"14",2,2,10,"equivalence","standard",4576,5424,0.466,8562,3502,1006,1945,2109,0.765297202797203,0.358591445427729,0.219842657342657,0.388827433628319,0.375868829085724,0.466,0.4508,0.510095485126065,0.494789874218523,50.9177762205092,0.3593,0.4957,0.73675460466966,0.7
"15",3,2,15,"equivalence","standard",4576,5424,0.466,8701,3558,994,1820,2329,0.777534965034965,0.335545722713864,0.21722027972028,0.42938790560472,0.395617462204858,0.466,0.4552,0.505237893687428,0.494370406413376,53.0486151017124,0.3542,0.473,0.731332255184722,0.7
"16",1,2,7,"equivalence","SESOI",4576,5424,0.466,8366,3705,763,2936,962,0.809659090909091,0.541297935103245,0.16673951048951,0.1773598820059,0.206128133704735,0.466,0.4468,0.606351667992025,0.587733553031918,12,0.40605,0.6501,0.745446096130715,0.7
"17",2,2,10,"equivalence","SESOI",4576,5424,0.466,8562,3732,776,3013,1041,0.815559440559441,0.555494100294985,0.16958041958042,0.191924778761062,0.218101822752986,0.466,0.4508,0.615549607139466,0.600961288849708,12,0.4004,0.6625,0.73675460466966,0.7
"18",3,2,15,"equivalence","SESOI",4576,5424,0.466,8701,3770,782,3157,992,0.823863636363636,0.582042772861357,0.170891608391608,0.182890855457227,0.208315833683326,0.466,0.4552,0.632374197006575,0.622211148013276,12,0.3959,0.65875,0.731332255184722,0.7
"19",1,2,7,"significance","standard",4576,5424,0.466,3137,1677,961,401,98,0.366477272727273,0.0739306784660767,0.210008741258741,0.0180678466076696,0.0552112676056338,0.466,0.2638,0.256694057162939,0.124191452637025,5.39719477207523,0.729,1.0714,1.37188387299171,0.7
"20",2,2,10,"significance","standard",4576,5424,0.466,3868,2240,945,484,199,0.48951048951049,0.0892330383480826,0.206512237762238,0.036688790560472,0.0815908159081591,0.466,0.3185,0.319278093318894,0.200759384886588,7.19855222337125,0.65785,0.9084,1.25162631289718,0.7
"21",3,2,15,"significance","standard",4576,5424,0.466,4637,2800,925,577,335,0.611888111888112,0.106379056047198,0.202141608391608,0.0617625368731563,0.106858054226475,0.466,0.3725,0.374035616966933,0.289001410694077,9.7013155057149,0.5957,0.7797,1.1521645641679,0.7
"22",1,2,7,"significance","SESOI",4576,5424,0.466,3137,2357,281,364,135,0.515078671328671,0.0671091445427729,0.0614073426573427,0.0248893805309735,0.0541733547351525,0.466,0.2638,0.325155499320103,0.165166376495628,12,0.7251,0.86595,1.37188387299171,0.7
"23",2,2,10,"significance","SESOI",4576,5424,0.466,3868,2825,360,488,195,0.617351398601399,0.0899705014749263,0.0786713286713287,0.0359513274336283,0.0645695364238411,0.466,0.3185,0.371859252994379,0.240724346742825,12,0.6628,0.80875,1.25162631289718,0.7
"24",3,2,15,"significance","SESOI",4576,5424,0.466,4637,3232,493,610,302,0.706293706293706,0.112463126843658,0.107736013986014,0.0556784660766962,0.0854555744199208,0.466,0.3725,0.409839453363788,0.320837526520384,12,0.6129,0.75605,1.1521645641679,0.7
"25",1,2,7,"equivalence","standard",6016,3984,0.607,8374,4188,1533,1545,1108,0.696143617021277,0.387801204819277,0.254820478723404,0.278112449799197,0.209214501510574,0.607,0.5721,0.637196820453652,0.603225553516904,49.3618342488655,0.3691,0.51025,0.745335082048018,0.5
"26",2,2,10,"equivalence","standard",6016,3984,0.607,8581,4440,1375,1567,1199,0.738031914893617,0.393323293172691,0.228557180851064,0.300953815261044,0.212626352190105,0.607,0.5815,0.652650482025923,0.628298698654013,51.2402983335276,0.3579,0.4934,0.735473052170253,0.5
"27",3,2,15,"equivalence","standard",6016,3984,0.607,8824,4564,1354,1517,1389,0.758643617021277,0.380773092369478,0.225066489361702,0.348644578313253,0.233327733915673,0.607,0.5918,0.654251347253865,0.639794386613941,55.0921350861287,0.34705,0.4611,0.719789947630447,0.5
"28",1,2,7,"equivalence","SESOI",6016,3984,0.607,8374,5046,675,2032,621,0.83876329787234,0.51004016064257,0.11220079787234,0.155873493975904,0.109581789306511,0.607,0.5721,0.725582536493867,0.695938094213921,23,0.3863,0.5478,0.745335082048018,0.5
"29",2,2,10,"equivalence","SESOI",6016,3984,0.607,8581,5122,693,2051,715,0.851396276595745,0.514809236947791,0.115192819148936,0.179467871485944,0.122494432071269,0.607,0.5815,0.730479107469207,0.709152108609373,23,0.3873,0.5377,0.735473052170253,0.5
"30",3,2,15,"equivalence","SESOI",6016,3984,0.607,8824,5202,716,2145,761,0.86469414893617,0.538403614457831,0.119015957446809,0.1910140562249,0.127620325339594,0.607,0.5918,0.743149714062188,0.730880895601198,23,0.3804,0.5332,0.719789947630447,0.5
"31",1,2,7,"significance","standard",6016,3984,0.607,3137,1736,1146,216,39,0.288563829787234,0.0542168674698795,0.190492021276596,0.00978915662650602,0.0219718309859155,0.607,0.2882,0.320303409212395,0.109951237655203,5.39719477207523,0.729,1.0714,1.37188387299171,0.5
"32",2,2,10,"significance","standard",6016,3984,0.607,3868,2377,1161,268,62,0.395113031914894,0.0672690763052209,0.192985372340426,0.0155622489959839,0.025420254202542,0.607,0.3538,0.395506020650889,0.188265188928853,7.19855222337125,0.65785,0.9084,1.25162631289718,0.5
"33",3,2,15,"significance","standard",6016,3984,0.607,4637,3026,1186,316,109,0.502992021276596,0.0793172690763052,0.197140957446809,0.027359437751004,0.0347687400318979,0.607,0.4212,0.457646237910137,0.284471084200758,9.7013155057149,0.5957,0.7797,1.1521645641679,0.5
"34",1,2,7,"significance","SESOI",6016,3984,0.607,3137,2728,154,185,70,0.453457446808511,0.0464357429718876,0.0255984042553191,0.017570281124498,0.0250178699070765,0.607,0.2882,0.423459868390631,0.161454202619364,23,0.7127,0.7718,1.37188387299171,0.5
"35",2,2,10,"significance","SESOI",6016,3984,0.607,3868,3328,210,213,117,0.553191489361702,0.0534638554216867,0.034906914893617,0.0293674698795181,0.0339622641509434,0.607,0.3538,0.474425896114144,0.242415439829743,23,0.6461,0.7088,1.25162631289718,0.5
"36",3,2,15,"significance","SESOI",6016,3984,0.607,4637,3914,298,296,129,0.650598404255319,0.0742971887550201,0.0495345744680851,0.0323795180722892,0.0319069997526589,0.607,0.4212,0.520503120198577,0.338382675476425,23,0.5887,0.6584,1.1521645641679,0.5
"37",1,2,7,"equivalence","standard",7574,2426,0.758,8374,4878,2035,1043,418,0.644045418537101,0.429925803792251,0.268682334301558,0.172300082440231,0.0789274924471299,0.758,0.6913,0.77967069690855,0.716711318071804,49.3618342488655,0.3691,0.51025,0.745335082048018,0.3
"38",2,2,10,"equivalence","standard",7574,2426,0.758,8581,5229,1860,1082,410,0.690388170055453,0.446001648804617,0.245576973857935,0.169002473206925,0.0727079269374002,0.758,0.7089,0.796058250962487,0.752155195234591,51.2402983335276,0.3579,0.4934,0.735473052170253,0.3
"39",3,2,15,"equivalence","standard",7574,2426,0.758,8824,5460,1786,1085,493,0.720887245841035,0.447238252267106,0.23580670715606,0.203215169002473,0.0828153871997312,0.758,0.7246,0.803339942935849,0.77433462620743,55.0921350861287,0.34705,0.4611,0.719789947630447,0.3
"40",1,2,7,"equivalence","SESOI",7574,2426,0.758,8374,6511,402,1129,332,0.859651439133879,0.465375103050289,0.0530763137047795,0.136850783182193,0.048516732427298,0.758,0.6913,0.834340524044774,0.782648118845072,61,0.3792,0.4569,0.745335082048018,0.3
"41",2,2,10,"equivalence","SESOI",7574,2426,0.758,8581,6640,449,1128,364,0.876683390546607,0.464962901896125,0.0592817533667811,0.150041220115416,0.0519703026841805,0.758,0.7089,0.836929264003877,0.799609808892703,61,0.3776,0.4467,0.735473052170253,0.3
"42",3,2,15,"equivalence","SESOI",7574,2426,0.758,8824,6781,465,1189,389,0.895299709532612,0.490107172300082,0.0613942434644838,0.160346248969497,0.0542538354253835,0.758,0.7246,0.846148058187721,0.822057980372265,61,0.36645,0.4414,0.719789947630447,0.3
"43",1,2,7,"significance","standard",7574,2426,0.758,3137,1767,1269,93,8,0.233298125165038,0.0383347073371805,0.167546870874043,0.00329760923330585,0.00450704225352113,0.758,0.3036,0.431777254391614,0.0956463909492033,5.39719477207523,0.729,1.0714,1.37188387299171,0.3
"44",2,2,10,"significance","standard",7574,2426,0.758,3868,2419,1325,104,20,0.319382096646422,0.0428689200329761,0.174940586216002,0.00824402308326463,0.00820008200082001,0.758,0.3744,0.511046574389234,0.166458339973593,7.19855222337125,0.65785,0.9084,1.25162631289718,0.3
"45",3,2,15,"significance","standard",7574,2426,0.758,4637,3115,1381,121,20,0.411275415896488,0.049876339653751,0.182334301557961,0.00824402308326463,0.00637958532695375,0.758,0.4496,0.575521838762018,0.261224087747767,9.7013155057149,0.5957,0.7797,1.1521645641679,0.3
"46",1,2,7,"significance","SESOI",7574,2426,0.758,3137,2968,68,73,28,0.391866913123845,0.0300906842539159,0.00897808291523633,0.0115416323165705,0.00934579439252336,0.758,0.3036,0.558595856798665,0.149758877454201,61,0.6967,0.7242,1.37188387299171,0.3
"47",2,2,10,"significance","SESOI",7574,2426,0.758,3868,3674,70,88,36,0.485080538684975,0.0362737015663644,0.00924214417744917,0.0148392415498763,0.00970350404312668,0.758,0.3744,0.611887516204684,0.231496770920692,61,0.6319,0.6481,1.25162631289718,0.3
"48",3,2,15,"significance","SESOI",7574,2426,0.758,4637,4394,102,90,51,0.580142593081595,0.0370981038746908,0.0134671243728545,0.0210222588623248,0.0114735658042745,0.758,0.4496,0.653637737162973,0.329827666535762,61,0.5837,0.6054,1.1521645641679,0.3
"49",1,2,7,"significance","standard",7574,2426,0.758,3137,2818,218,94,7,0.372062318457882,0.0387469084913438,0.0287826775811988,0.00288540807914262,NA,0.758,0.3036,0.547994099478319,0.144378530353229,25,0.708,0.772,1.37188387299171,0.3
"50",2,2,10,"significance","standard",7574,2426,0.758,3868,3435,309,103,21,0.453525217850541,0.0424567188788129,0.0407974650118828,0.00865622423742786,NA,0.758,0.3744,0.59734761987668,0.220852297583432,25,0.6449,0.7072,1.25162631289718,0.3
"51",3,2,15,"significance","standard",7574,2426,0.758,4637,4065,431,121,20,0.536704515447584,0.049876339653751,0.0569052020068656,0.00824402308326463,NA,0.758,0.4496,0.638901888968344,0.315737284669863,25,0.6012,0.6608,1.1521645641679,0.3
"52",1,2,7,"significance","standard",6016,3984,0.607,3137,2752,130,182,73,0.457446808510638,0.0456827309236948,0.0216090425531915,0.0183232931726908,NA,0.607,0.2882,0.425406808025277,0.162536122720586,25,0.708,0.772,1.37188387299171,0.5
"53",2,2,10,"significance","standard",6016,3984,0.607,3868,3338,200,212,118,0.554853723404255,0.0532128514056225,0.0332446808510638,0.0296184738955823,NA,0.607,0.3538,0.475107943456961,0.242918105553064,25,0.6449,0.7072,1.25162631289718,0.5
"54",3,2,15,"significance","standard",6016,3984,0.607,4637,3947,265,287,138,0.656083776595745,0.0720381526104418,0.0440492021276596,0.0346385542168675,NA,0.607,0.4212,0.521990067657621,0.339717957404268,25,0.6012,0.6608,1.1521645641679,0.5
"55",1,2,7,"significance","standard",4576,5424,0.466,3137,2579,59,253,246,0.563592657342657,0.0466445427728614,0.0128933566433566,0.045353982300885,NA,0.466,0.2638,0.340320503495487,0.174802404195661,25,0.708,0.772,1.37188387299171,0.7
"56",2,2,10,"significance","standard",4576,5424,0.466,3868,3099,86,326,357,0.677229020979021,0.0601032448377581,0.0187937062937063,0.0658185840707965,NA,0.466,0.3185,0.386044278802839,0.251913223288701,25,0.6449,0.7072,1.25162631289718,0.7
"57",3,2,15,"significance","standard",4576,5424,0.466,4637,3610,115,437,475,0.788898601398601,0.0805678466076696,0.0251311188811189,0.0875737463126844,NA,0.466,0.3725,0.428168229543463,0.337461980432182,25,0.6012,0.6608,1.1521645641679,0.7
"58",1,2,7,"significance","standard",2929,7071,0.298,3137,2142,9,303,683,0.731307613519973,0.0428510818837505,0.00307272106520997,0.0965917126290482,NA,0.298,0.2151,0.244906565569182,0.173133813742891,25,0.708,0.772,1.37188387299171,1
"59",2,2,10,"significance","standard",2929,7071,0.298,3868,2499,10,402,957,0.853192215773302,0.0568519304200255,0.00341413451689997,0.135341535850658,NA,0.298,0.2509,0.277463540134898,0.232534226344869,25,0.6449,0.7072,1.25162631289718,1
"60",3,2,15,"significance","standard",2929,7071,0.298,4637,2740,8,544,1345,0.935472857630591,0.0769339555932683,0.00273130761351997,0.190213548295856,NA,0.298,0.2748,0.300800559506294,0.277468706777486,25,0.6012,0.6608,1.1521645641679,1
